   -3964254
    3069341
   10897031
   17526372
   21268007
   21226365
   17589916
   11509288
    4596026
   -1514874
   -5604351
   -7045539
   -5698498
   -1783383
    4342791
   12377690
   21924602
   32676822
   44158316
   55700680
   66619846
   76135334
   83649535
   88795444
   91406488
   91625015
   89749667
   86298988
   81885821
   77169849
   72766276
   69121801
   66500086
   64960194
   64203301
   63831859
   63299409
   62159434
   60206875
   57476943
   54358141
   51397772
   49316024
   48712647
   50017360
   53292598
   58300428
   64604221
   71743926
   79519294
   87936317
   97326829
  108051133
  120221581
  133412599
  146539419
  157896540
  165748349
  168643134
  165984529
  158210080
  146591956
  133011282
  119439034
  107511056
   98390127
   92629048
   90349485
   91461418
   95636028
  102461417
  111331028
  121454116
  131829568
  141348257
  148783190
  152919338
  152742144
  147639632
  137524397
  123143487
  105941392
   87963665
   71713008
   59408069
   52845948
   52785358
   58953763
   70099733
   84252976
   99160118
  112579827
  122728046
  128560932
  129939229
  127731304
  123622868
  119636625
  117773934
  119346534
  124558108
  132576747
  141800470
  150448679
  157413377
  162420144
  166177794
  169854499
  174448177
  180310634
  186800438
  192541769
  195808803
  195143650
  189869057
  180204917
  167241384
  152592764
  138022796
  125200148
  115323992
  109015301
  106109519
  105717165
  106248776
  105784894
  102477714
   95051244
   83318063
   68426524
   52753419
   39445311
   31621183
   31617548
   40445168
   57358670
   80342038
  106285802
  131891782
  154229972
  171201104
  181677822
  185521599
  183375971
  176379518
  166184929
  154542480
  143028631
  132988411
  125077750
  119195851
  114777420
  110678731
  105803022
   99445041
   91312059
   81727846
   71423790
   61012709
   51167803
   42280572
   34472444
   27899785
   22455782
   17894126
   13968585
   10163716
    5984748
    1539996
   -3002673
   -6324276
   -6717566
   -2528061
    7937244
   25068681
   48385001
   76316129
  106519797
  136511786
  163956448
  187109390
  205039539
  217464233
  224767066
  227950298
  228214148
  226980348
  225518704
  224480008
  223918423
  223104773
  220736630
  215488881
  206272187
  192754230
  175602968
  156170508
  136471215
  118514070
  103822611
   93373325
   87205291
   84744809
   84991100
   86654988
   88703922
   90465692
   91598843
   92357872
   93213990
   94716943
   97567003
  102233186
  108907754
  117707741
  128214187
  139912225
  152245007
  164456599
  176141332
  187143675
  197501294
  207737699
  218241268
  229163870
  240404081
  251067537
  260089321
  266185108
  268156008
  265331510
  257666051
  245682489
  230539457
  213766806
  196894304
  181597077
  169196321
  160647068
  156497487
  156520793
  160050551
  166021638
  173020931
  179815462
  185254142
  188472645
  188963978
  186527902
  181246995
  173597563
  164509298
  155325538
  147834510
  143763373
  144551453
  150939510
  162653391
  178608911
  197086964
  215900754
  233134503
  247108266
  256602860
  260996432
  259963466
  253698800
  242740091
  228041478
  210919360
  192776319
  174925008
  158367664
  143733190
  131175676
  120767045
  112584750
  106905485
  104375363
  105662198
  111014566
  120118827
  131603341
  143278979
  152613321
  157026391
  154842020
  145439263
  129543081
  108988813
   86211327
   63800376
   44028213
   28546047
   18426658
   14098963
   15389254
   21855434
   32569392
   46512414
   62103424
   78030726
   92712379
  104781943
  113644143
  118920709
  120950803
  120541212
  118414885
  115394403
  111911962
  107880574
  103126382
   97283058
   90062345
   81671379
   72318374
   62420124
   52440699
   42467566
   32593148
   22612810
   12277156
    1417388
   -9991939
  -21901974
  -34104664
  -46323548
  -58237146
  -69086460
  -77869681
  -83088312
  -82831017
  -75389694
  -59368007
  -34553507
   -2114546
   35235623
   73629142
  108778303
  136893047
  155313209
  163124361
  160926404
  150552321
  134495423
  115072404
   94282822
   73496753
   53559230
   35182563
   18901656
    5136832
   -5742229
  -13694673
  -19036784
  -22188473
  -23962231
  -24912005
  -25578002
  -26391266
  -27494174
  -29377292
  -32501838
  -37333469
  -44278479
  -53226642
  -63437875
  -73929515
  -83244095
  -90144240
  -93934725
  -94306922
  -91572111
  -86262907
  -78556994
  -68552858
  -55906843
  -40258550
  -21660526
    -503789
   22072245
   44561790
   65371942
   83024576
   96487682
  105399926
  109668289
  109610079
  105689638
   98343214
   88181685
   75794011
   61879530
   47142128
   32322632
   18089112
    5006091
   -6410352
  -15806227
  -22766331
  -27181634
  -28572410
  -27225221
  -23227428
  -16959468
   -9203327
    -395023
    8729060
   17553168
   25590160
   32177838
   36653287
   38471251
   36919328
   31718900
   22938049
   11104464
   -2752747
  -17152993
  -30634816
  -41587397
  -48833810
  -51942894
  -50726865
  -46269266
  -39880780
  -32833873
  -26882882
  -22707976
  -20609290
  -20293506
  -20746090
  -20798003
  -19496154
  -16043733
  -10250346
   -2449218
    6644774
   15986780
   24387603
   30948480
   35120674
   36927620
   36998424
   36294646
   35904582
   36619302
   38830903
   42127777
   45812293
   48989829
   51008826
   51789163
   51874258
   52078948
   53447618
   56734721
   62150085
   69487632
   77844986
   86064162
   92846301
   96924876
   97309221
   93529080
   85572579
   74234750
   60973973
   47489748
   35712577
   27097994
   22281120
   21217767
   22915432
   25863547
   28646528
   30094081
   29835056
   28248991
   26272474
   25083717
   25714986
   28689272
   33981382
   40825909
   48194792
   54931521
   60065446
   63257728
   64444443
   64151667
   63092932
   62021866
   61702968
   62645258
   65162035
   69324408
   75039229
   81870101
   89129193
   95851545
  100815947
  102826744
  101000299
   94847351
   84596685
   71120873
   55846656
   40549642
   27064774
   16886323
   11154489
   10376885
   14356938
   22273186
   32580265
   43100570
   51563685
   55751594
   54177677
   46509654
   33710004
   18006699
    2387857
  -10039062
  -16971223
  -17252778
  -11210541
    -439119
   13038426
   26844562
   39264029
   49404222
   56946445
   62374159
   66267220
   69044979
   70996013
   71757827
   70811550
   67353826
   60553153
   50014457
   35869022
   18954383
     941637
  -16153002
  -30172212
  -39306390
  -42551820
  -39875178
  -32131213
  -21000494
   -8352489
    4066815
   14778834
   22956688
   28192310
   30435018
   29942632
   26971749
   21770215
   14591101
    5575519
   -4928171
  -16377781
  -28025570
  -38588543
  -46746329
  -50861009
  -49737224
  -42829059
  -30207680
  -13310275
    6017213
   25690160
   43431729
   58009024
   68745537
   75641582
   79523334
   81013119
   80782268
   79422295
   77028813
   73899027
   70321809
   66351039
   62266983
   58063558
   53422183
   48132961
   41721036
   33967452
   25134583
   15605683
    6201343
   -2319407
   -9495012
  -15148724
  -19373283
  -22686149
  -25357235
  -27711661
  -29889067
  -31707356
  -33202136
  -34219169
  -34758759
  -34681348
  -33583976
  -30872407
  -25846590
  -18000500
   -7279085
    5522193
   19243453
   31982275
   42072066
   48465095
   50808327
   49970155
   47440961
   44873560
   43832508
   45025830
   48317576
   52950108
   57480672
   60543740
   61087484
   58385322
   52415926
   43491340
   32115504
   19216826
    5673310
   -7602548
  -19480559
  -29214884
  -36074224
  -39620503
  -39804774
  -36821843
  -30982430
  -22692090
  -12194477
     380315
   14847170
   30850517
   47767746
   64500557
   79799158
   92207028
  100631218
  104497146
  103906338
   99779803
   93364047
   86057093
   79106918
   73356745
   69261499
   67070441
   66833229
   68614991
   72398044
   77998611
   84756941
   91696502
   97444136
  100675413
  100528457
   96727511
   89851581
   81147176
   72085804
   64209234
   58573309
   55527732
   54951939
   56045326
   57775282
   59051059
   58770943
   56200627
   51127194
   43803331
   35352013
   27191501
   21028089
   18454106
   20308731
   26651130
   36590361
   48407169
   60187833
   70306115
   77764058
   82544078
   85482455
   87904925
   91307464
   96788867
  104668208
  114418326
  124671686
  133506953
  138959587
  139379961
  133738645
  122105328
  105392800
   85504953
   64889365
   46073811
   31479875
   22825181
   20850032
   25410150
   35015506
   47508158
   60216064
   70425047
   76057804
   75748514
   69144387
   56854915
   40097035
   20509014
     -99630
  -19993289
  -37585592
  -51334020
  -60225223
  -63735840
  -62086864
  -56432205
  -48541620
  -40478127
  -34336232
  -31377949
  -32159419
  -36319861
  -42751575
  -50165996
  -57362224
  -63223924
  -67088114
  -68344315
  -66574061
  -61636186
  -53614720
  -43015212
  -30913023
  -18573422
   -7534977
     904922
    5836237
    6928830
    4274896
   -1678708
  -10235498
  -20679256
  -31984290
  -43132472
  -52948124
  -60226108
  -64152782
  -64246156
  -60806443
  -54896707
  -48055927
  -42266275
  -38986602
  -39598714
  -44215580
  -52395306
  -62944235
  -74043718
  -83944179
  -91119682
  -94437707
  -93406034
  -88213562
  -79199147
  -67214444
  -53266304
  -38144291
  -22904168
   -8293554
    4744928
   15424492
   22996588
   26777880
   26532909
   22358985
   14833008
    5149734
   -5036801
  -13884430
  -19428909
  -20202331
  -15395321
   -5079107
    9722622
   26993878
   44233678
   58572261
   67399223
   68923581
   62293027
   47945777
   27653205
    3944809
  -20058779
  -41335932
  -57811638
  -68059376
  -72165807
  -71003290
  -65794914
  -58186899
  -49373212
  -39918779
  -30377198
  -20653915
  -10825271
   -1259739
    7781093
   15813531
   22459614
   27761560
   31842481
   35053490
   38020662
   41108127
   44693035
   49005924
   53896366
   59192757
   64495484
   69076961
   72422443
   73801522
   72881509
   69762980
   64776599
   58671741
   52343360
   46378183
   41366043
   37302120
   33840948
   30513407
   26625334
   21763576
   15820159
    9049226
    2087831
   -4070974
   -8500363
  -10413206
   -9521820
   -6143998
   -1098373
    4630236
    9994430
   14468343
   17911221
   20660031
   23298708
   26273906
   29837802
   33789917
   37799164
   41507425
   44672574
   47367069
   49733548
   51951066
   54221959
   56689916
   59505380
   63068769
   67898191
   74562553
   83569139
   94878052
  107796588
  121062480
  132955028
  141716666
  146010618
  145016111
  138689246
  127693841
  113201215
   96798082
   80155492
   65055486
   52981718
   45053781
   41836730
   42891523
   47078376
   52543074
   57058447
   58774207
   56316282
   49457994
   38978469
   26602032
   14540520
    4896143
    -734907
   -1822273
    1229597
    6986379
   13420720
   18439231
   20266283
   18068376
   12013633
    3277294
   -6194252
  -14341400
  -19361957
  -20281358
  -17292793
  -11720070
   -5684805
   -1794812
   -2221005
   -8410195
  -20702990
  -38074233
  -58534325
  -79390823
  -97714865
 -110974932
 -117270018
 -115660146
 -106189482
  -89910065
  -68773800
  -45148332
  -21913260
   -1424113
   14442424
   24677277
   29478525
   29787813
   27167921
   23422022
   19946552
   17741283
   17385607
   18947952
   22366723
   27418510
   33338863
   39222001
   43575746
   44600287
   40876982
   31433043
   16524002
   -2202788
  -22311484
  -40733071
  -54869519
  -63166490
  -65253850
  -62004826
  -55137878
  -46564793
  -37974396
  -30671322
  -25179437
  -21650129
  -19868212
  -19265883
  -19167181
  -18796937
  -17278163
  -14158112
   -9266150
   -2994752
    3633582
    9433076
   13080704
   13579075
   10726709
    4932975
   -2760881
  -10900026
  -18442342
  -24665710
  -29565918
  -33818359
  -38283537
  -43838258
  -50888740
  -59198974
  -67928358
  -75933934
  -82004280
  -85237367
  -85157233
  -81790373
  -75557788
  -67179496
  -57610995
  -47838831
  -38909172
  -31888409
  -27682062
  -26932988
  -29821307
  -35841042
  -43914795
  -52473677
  -59729320
  -64133623
  -64618373
  -60818152
  -53251147
  -42964471
  -31343121
  -19824426
   -9621182
   -1632617
    3506752
    5448404
    4152903
    -178808
   -7023228
  -15538495
  -24733772
  -33517095
  -41067424
  -47042221
  -51662326
  -55677724
  -60138258
  -66102775
  -74282176
  -85012090
  -97981310
 -112480398
 -127562691
 -142116940
 -155290822
 -166395264
 -174952347
 -180478198
 -182873743
 -181873451
 -177359429
 -169562157
 -158751361
 -145634892
 -131116839
 -116342351
 -102478409
  -90540594
  -81336370
  -75499116
  -73088054
  -74027531
  -77795107
  -83434660
  -89999936
  -96334140
 -101414216
 -104612640
 -105613365
 -104689070
 -102568207
 -100111161
  -98221479
  -97499246
  -97940517
  -99375971
 -101001315
 -102223447
 -102662204
 -102233947
 -101579753
 -101317935
 -101994850
 -103796336
 -106134293
 -107972891
 -108110395
 -105359748
  -99098499
  -89757279
  -78091865
  -65935253
  -55185348
  -47515610
  -44496327
  -46767888
  -54290637
  -66250052
  -80955369
  -96227002
 -109830116
 -119581038
 -124027173
 -122666452
 -115834762
 -104884242
  -91628813
  -77864904
  -65119906
  -54261027
  -45467185
  -38629461
  -33386428
  -29506179
  -27082471
  -26380642
  -27651562
  -30985051
  -35937859
  -41730524
  -47404927
  -52168477
  -55666706
  -58179252
  -60377743
  -63201057
  -67393862
  -73222978
  -80328796
  -87930993
  -94941049
 -100475393
 -103984439
 -105297819
 -104741454
 -102849227
 -100391308
  -98299183
  -97496730
  -98912161
 -103255166
 -110778271
 -120950992
 -132738841
 -144145157
 -153344260
 -158983730
 -160497583
 -158813609
 -155528879
 -152604171
 -151586277
 -152829000
 -155527369
 -157986448
 -158187853
 -154835095
 -147772138
 -137679225
 -126469966
 -115949510
 -107632581
 -102707402
 -101459996
 -104015101
 -110248071
 -119835522
 -132313988
 -146699409
 -161431043
 -174551878
 -184099060
 -188543085
 -187364588
 -181043912
 -170846210
 -158569352
 -145831225
 -133882054
 -123653404
 -115689288
 -110830261
 -110084061
 -114608722
 -125363214
 -142405264
 -164769826
 -190033066
 -215285581
 -237071217
 -252764225
 -260996231
 -261592199
 -255932281
 -245862087
 -233271440
 -219669471
 -205770550
 -191754453
 -177562061
 -163054333
 -148469867
 -134278427
 -121091083
 -109600873
 -100212396
  -93211261
  -88797274
  -87082011
  -88150669
  -91892144
  -97788403
 -104998226
 -112304915
 -118526368
 -122857061
 -125200362
 -126237166
 -127264258
 -129758715
 -134603518
 -142097205
 -151452494
 -161209875
 -169895533
 -176008885
 -178858828
 -178633700
 -175964695
 -172119785
 -168256759
 -165121872
 -162827295
 -160967090
 -158667924
 -154819488
 -148817771
 -140440847
 -130056834
 -118938075
 -108207009
  -99159337
  -92829989
  -89535809
  -89423172
  -92252310
  -97362017
 -104109076
 -111630618
 -118862128
 -124991069
 -129232573
 -131242591
 -131342564
 -130066899
 -128240200
 -126472231
 -124661812
 -122377263
 -118853704
 -113421898
 -106224343
  -98088260
  -90549136
  -85432211
  -83977484
  -86629950
  -92735524
 -100771261
 -108998284
 -115848130
 -120246271
 -121604971
 -119660794
 -114108315
 -104585095
  -90763504
  -72667708
  -51067067
  -27716360
   -5048531
   14099729
   27269446
   32866931
   30400897
   20425298
    4369116
  -15897661
  -38301757
  -60697814
  -81061540
  -97564727
 -108874645
 -114515073
 -115162735
 -112634687
 -109581471
 -108687292
 -111921474
 -119890702
 -131550480
 -144626673
 -156142648
 -163407588
 -164689018
 -159660799
 -149355253
 -135684527
 -121061272
 -107617429
  -96990471
  -90050501
  -86784568
  -86598260
  -88395484
  -90988921
  -93313023
  -94683480
  -94841595
  -94076314
  -93006086
  -92353158
  -92769779
  -94404972
  -96969805
  -99833874
 -102121758
 -103208821
 -103008747
 -101969205
 -101467827
 -103144641
 -108717616
 -119363553
 -135300484
 -155545969
 -178176759
 -200607551
 -219918102
 -233954644
 -241138037
 -240989335
 -234239680
 -222156561
 -206657346
 -189931546
 -174056692
 -160653487
 -150996261
 -145550705
 -143827384
 -145083414
 -148012638
 -151283944
 -154039869
 -155666098
 -156153495
 -155856825
 -154955755
 -153924653
 -152714806
 -151343284
 -149896945
 -148305611
 -146750999
 -145440410
 -144428233
 -143865503
 -143744521
 -143953008
 -144515341
 -145524025
 -147146853
 -149634017
 -153164483
 -157635242
 -162850202
 -168432421
 -173921610
 -179065975
 -183754192
 -188148614
 -192587504
 -197425726
 -202670890
 -208252182
 -213704878
 -218338807
 -221586431
 -222870403
 -221620835
 -217616251
 -210631311
 -200589989
 -187798961
 -172647775
 -155915584
 -138832894
 -122513202
 -108304661
  -97209970
  -89829939
  -86497372
  -87064321
  -91095111
  -98013166
 -107071398
 -117516292
 -128627773
 -139631642
 -149710970
 -158037959
 -163834699
 -166375908
 -165480967
 -161185601
 -154145698
 -145624859
 -136947971
 -129657969
 -124938137
 -123386429
 -125258393
 -130200433
 -137586808
 -146680527
 -156594858
 -166565452
 -175778913
 -183563172
 -189250565
 -192317237
 -192599485
 -189815439
 -184297229
 -176253965
 -165809131
 -153408704
 -139177775
 -123522865
 -107248293
  -91198552
  -76904227
  -65974792
  -59724527
  -59141784
  -64125034
  -73556698
  -85675807
  -98227825
 -109145060
 -117200510
 -121855310
 -123653528
 -123711042
 -123238116
 -123321407
 -124509252
 -126763800
 -129659498
 -132302459
 -133670195
 -132762379
 -128768219
 -121416784
 -111117305
  -98904382
  -86547570
  -76016662
  -69026921
  -66670989
  -68840666
  -74388486
  -81353866
  -87605880
  -91356254
  -91764113
  -89058066
  -84371218
  -79558091
  -76531277
  -76729999
  -80947188
  -88852143
  -99222369
 -110185292
 -119318833
 -124426578
 -123883051
 -116896610
 -104002681
  -86712922
  -67282099
  -48388130
  -32438208
  -21229533
  -15769400
  -15994926
  -21149722
  -30020006
  -41071314
  -53080066
  -64879158
  -75621158
  -84833923
  -92101180
  -97312037
 -100551474
 -102098301
 -102571176
 -102832604
 -103694087
 -105834761
 -109526791
 -114508456
 -120266221
 -126143777
 -131509114
 -136151828
 -140063105
 -143298538
 -146008972
 -147979498
 -148929756
 -148713380
 -147455814
 -145840601
 -144804800
 -145162720
 -147202313
 -150351754
 -153207612
 -154088276
 -151619994
 -145343920
 -136180264
 -125886195
 -116665460
 -110269973
 -107326293
 -107448999
 -109405191
 -111674618
 -113149426
 -113242077
 -111943684
 -109573179
 -106435782
 -102778195
  -98978310
  -95807856
  -94538670
  -96903531
 -104444562
 -117990109
 -137053718
 -159704785
 -182974640
 -203421541
 -218222402
 -225790271
 -226046729
 -220340406
 -210843112
 -199731233
 -188827404
 -179278273
 -171426536
 -165316686
 -160841180
 -157923291
 -156855114
 -157944850
 -161410642
 -167224869
 -174930208
 -183625567
 -192337658
 -199897811
 -205551770
 -208704281
 -209272761
 -207531229
 -203604408
 -197937636
 -190748116
 -182159314
 -172629618
 -162618141
 -152558132
 -143085829
 -134414295
 -126545961
 -119312843
 -112387225
 -105798534
  -99941503
  -95692437
  -94119341
  -96016616
 -101552788
 -110031119
 -119979973
 -129606434
 -137256579
 -141965386
 -143812301
 -143667881
 -143070143
 -143499847
 -145844135
 -150360812
 -156417105
 -162865667
 -168507072
 -172260566
 -173566827
 -172507157
 -169559195
 -165501238
 -161138894
 -157075744
 -153607814
 -150689582
 -147977364
 -144864970
 -140758114
 -135218709
 -128050118
 -119551019
 -110234418
 -100895288
  -92460555
  -85666243
  -81025843
  -78738694
  -78517041
  -79813913
  -81938522
  -84153995
  -85879886
  -87038207
  -87769036
  -88814667
  -91109534
  -95425578
 -102357135
 -111953030
 -123596574
 -136496917
 -149515150
 -161625051
 -172255533
 -180991787
 -187858065
 -193066068
 -196653841
 -198871663
 -199926385
 -200060885
 -199771908
 -199442421
 -199458228
 -199711917
 -200070933
 -199789132
 -198214299
 -194992920
 -189890230
 -183341257
 -175889169
 -167772818
 -159156778
 -149624272
 -138575538
 -125701431
 -111006681
  -95194651
  -79581711
  -65635023
  -54915125
  -48504623
  -47043612
  -50804128
  -59527306
  -72621155
  -89028220
 -106973713
 -124398029
 -139032698
 -148943124
 -153175746
 -151994972
 -146891975
 -140425346
 -135253969
 -133601553
 -136656649
 -144261201
 -155301883
 -168003814
 -180456858
 -191391010
 -199912838
 -205935469
 -209998965
 -212456807
 -213688068
 -213762186
 -212004776
 -207701847
 -200027768
 -188069104
 -171824747
 -151724190
 -128929106
 -105330781
  -82863361
  -63268733
  -47960230
  -37376452
  -31310583
  -28921774
  -28851048
  -29757494
  -30509173
  -30259889
  -28848396
  -26599024
  -24411137
  -23727231
  -26029750
  -32661505
  -44301135
  -60681373
  -80572221
 -101940684
 -122380772
