11215055
35309264
58379128
81962807
98127194
109930156
121740916
127211399
126517641
133891218
143487430
150952787
151118278
145075673
141542134
142000380
131854071
111548580
90108444
65651803
42572257
24649243
12347941
6331651
2138790
-5469819
-17625658
-30702968
-37772780
-35344930
-30808607
-33892549
-38966332
-37075174
-35045371
-37979330
-40709751
-45709325
-59237095
-75799184
-86001559
-89726596
-92891752
-95926664
-95996905
-99689642
-109993560
-115521957
-114089602
-115123404
-118921128
-121546867
-123699904
-123218219
-115373603
-100882793
-84873329
-73369183
-69649509
-68235100
-61432562
-52341039
-47493083
-44701544
-43373905
-43636870
-35977798
-18828959
-1861259
12308510
20969661
18772522
11720823
7918690
7926875
10849311
12960156
10004071
7050425
13118297
28127455
42553907
49020454
51973937
56725262
58143771
56444646
60654245
69250752
76549457
86259903
96673039
101839255
111103207
129290292
139278435
133845380
130095440
137446610
141592589
134139661
128774509
132055074
132188060
125045481
120366732
118871390
113122684
103560359
89640938
70858117
58503097
55501980
43296498
16225879
-6015602
-17703209
-33013913
-53073489
-67683848
-78792618
-93603667
-108537184
-120206684
-129588796
-131635030
-131552913
-146467158
-167856667
-174804517
-174905574
-178388767
-179881882
-182621058
-188791993
-191650469
-195929267
-208148171
-220886724
-230697000
-242121101
-251633867
-253158866
-249050195
-247258049
-248585101
-248704364
-252622776
-259005143
-255176953
-245302157
-237545480
-215488196
-173274147
-132337281
-93399722
-47088270
-7215478
25763049
69523098
124155750
180715079
239117012
301741780
364064015
418117469
467288756
516024750
550852569
568424728
586135012
606389783
621364329
631662581
635677191
634243576
631063033
621249640
601977301
577929341
550718479
519217899
485066340
452585320
426728040
407606680
390939820
370795070
344187475
319089983
298633125
271401758
236964571
208070079
185689571
163761941
145698237
134849734
125688476
114137257
98507143
74251868
42389843
11477739
-15912417
-44185588
-69417120
-86623284
-107864270
-140782756
-170912379
-193456992
-220281497
-247974989
-271315022
-300487386
-330062306
-345949072
-358047218
-375202381
-387228937
-393717618
-405480720
-420755841
-427656353
-426874076
-431194254
-438064633
-436642445
-434600795
-435014513
-425682943
-414880447
-413509695
-403652171
-380360948
-363292238
-353229550
-338546615
-318813123
-297709967
-280098434
-264741233
-243878413
-221074254
-203841632
-192355297
-186200526
-180084356
-171611956
-170324344
-170375072
-157273707
-143143625
-140522162
-141396246
-140998503
-134385589
-119520219
-110785801
-110079883
-102243766
-85952233
-69357421
-58040655
-52630720
-44836312
-37236688
-39550684
-39687242
-28165977
-17039062
-10995222
-8495580
-11251867
-14113970
-12752188
-7603702
-1297455
-1383658
-4207839
252158
5141298
8914553
20338722
32808530
44257239
63613957
83771373
98050975
114054386
131102883
143464480
157118428
176289472
196271520
215135159
231092034
238783098
238525678
240035973
245987420
243021089
228014919
218340003
215389740
200303712
175368440
155897637
134732791
106954570
86764154
72872991
54762367
39933190
30389616
12260330
-11284810
-23851449
-28810525
-39450216
-52862795
-59366204
-60551577
-60450103
-59568566
-63946470
-78180509
-94370303
-101068356
-99138827
-99880733
-103759142
-100298633
-91879652
-87670727
-84952873
-79572875
-73017410
-65148104
-56980656
-50639157
-45661832
-40153193
-29996469
-16905349
-10561492
-9358872
-4219498
615524
2453418
8747947
18757097
29063168
40256773
48906223
54917942
61054883
66260040
75644045
92043461
105551572
114107503
126552803
143371677
155205764
154613006
146682171
140967950
135670616
129209373
126657667
123781717
117416563
114876965
114088504
109173312
104027345
100443478
96839375
93166844
89796091
90018970
93816908
95655431
96512109
99659035
103086167
107620094
113839687
118046886
118722180
114039154
105730455
101568140
97103584
84548297
73008820
65351552
52781037
38816762
26247658
9626830
-7384422
-22371587
-38837397
-53290403
-63880621
-73633290
-84115973
-96044167
-103884753
-105625709
-109533225
-113625825
-111833882
-110506342
-110203325
-105351548
-101203690
-101187583
-101744072
-101671935
-101411078
-104007672
-109074419
-113209736
-120911985
-132728762
-140130321
-144182644
-150101980
-153610080
-153797554
-153606437
-150800147
-149280775
-153526029
-156071234
-154408279
-153947176
-150637099
-139674178
-125808606
-111486908
-97704830
-87389199
-77470457
-66588920
-58008808
-51466268
-47882895
-44599269
-33189963
-17127892
-4648478
5394713
11412629
14308662
25801688
43475076
51724121
54682426
64459492
74562608
78038729
81193470
87002971
92022865
96292763
99837616
102614746
109773474
121165931
127883805
125337383
118725782
118362738
124850994
126090056
122222972
125429641
131678850
129856326
122776898
115550238
110042713
106542278
100574683
90969404
78603341
62639016
47228324
32848505
14583198
-722688
-10181218
-26039475
-46276405
-60981215
-75643218
-92646629
-106228535
-117101563
-126430909
-131652165
-131199281
-127150254
-125498446
-125219408
-119294303
-114970622
-119174761
-121168394
-118057080
-115045787
-106467199
-94643481
-95128878
-105200982
-106418656
-96277658
-88270203
-91327078
-100119856
-106958089
-112430706
-113264769
-106035847
-100357955
-99110232
-89665197
-73365354
-63306484
-53916934
-37634323
-27430965
-30581784
-31638368
-18425231
1025119
17379776
29286342
31617875
24856607
22791629
26008976
19538313
7472525
5448634
9430685
10410505
11230339
13313225
13565479
11916254
11018280
11855011
10485201
7607483
10603193
16468029
20644757
32217351
50013060
58253676
57606249
60040373
66693843
72898446
76817134
81662396
89971131
98069587
107228292
121485586
134299814
141316998
146049305
143840120
132360809
123527713
121474188
115718486
102143878
89247253
80747902
68944835
52389204
38170998
25204783
10553146
-2702152
-19208639
-41130871
-55089827
-58974762
-66499320
-77113060
-80175291
-77515891
-76379996
-75697417
-72915067
-73009535
-77556456
-78496673
-75849418
-76165931
-74696393
-69083071
-66359055
-65373252
-61473292
-57906991
-59480899
-63284635
-62777405
-60736130
-62694942
-62844017
-56714972
-51893663
-50344600
-46982022
-42173107
-35479343
-27688666
-21656003
-13847271
-2634273
8721053
16700546
19980288
23095535
28582744
33059646
37008744
42206796
43359132
41426382
45539327
52786477
52534007
45314149
40237091
38521174
33145321
24374565
17977489
14497242
13616653
15161884
14416776
10627264
10304460
14525372
14892705
7317602
-166765
-2060042
-3832744
-8252362
-8466752
-164250
9233349
12178272
11451625
11227657
10527518
9509509
9576945
7367797
6316493
16795174
33968318
43326914
45768044
53627930
64898720
67632095
65816727
72307348
85801074
97482597
107720001
118343942
124039132
123209472
119489122
113108747
105510495
103584357
105917798
99888601
84778620
73641092
66723143
52076939
32095768
18231668
7620715
-4433028
-9470011
-6090720
-5842110
-10610967
-14334126
-18653815
-24832539
-28317520
-27838744
-24798004
-18663520
-11105523
-7034559
-5629722
-4614794
-9505264
-18751345
-22568457
-23658271
-28638615
-30329361
-23891440
-18225095
-17223764
-14860713
-11377962
-11875144
-12560436
-10152182
-11921221
-15252111
-9804428
-3674688
-3551338
2540544
13375556
12371059
59212
-10703091
-17774410
-27496020
-39970609
-47215942
-47436746
-45872465
-43106205
-40353340
-39338390
-35646655
-31479250
-33247946
-35206000
-30258094
-20704042
-9879574
220838
10123861
20571455
25514455
23454498
22499649
23711893
22220597
19341959
16777287
14180773
13875473
14969363
12510382
7425694
2973214
-3594158
-12218676
-18209061
-23230973
-32394458
-45672287
-61347645
-76992972
-88404549
-96579768
-105339051
-114340108
-120519579
-122384632
-123322722
-125860505
-126331425
-124865408
-125029746
-122657587
-115369504
-108729448
-102309267
-92794883
-84354336
-80918431
-81522538
-83457585
-85845269
-89236585
-91598611
-90567486
-87211556
-83592536
-80260027
-78747146
-82223183
-88342296
-89918805
-89004447
-90800635
-86936218
-71264887
-52625354
-37447419
-22983503
-5589741
14722992
33982003
51494316
70630682
90670372
113220839
140691403
163444870
178714636
196943850
212122192
212004653
206866753
211058966
221036914
227656523
230257768
231939590
229507287
219317098
207230164
198132188
188791931
180138349
175836518
169994296
160005335
156415327
157530008
145562924
118495017
92081470
72262510
54823329
43676627
39484644
31949749
21069121
15490949
13941558
10751676
8023725
7722571
3737631
-5260482
-10577226
-8846314
-9070802
-16395855
-22552506
-22976001
-20758976
-15015967
-7079452
-3324877
-3129085
-1470111
116961
1896186
8991795
18305814
26406812
38841044
53870600
62141165
65769058
71887295
77869704
81342271
85088480
88423558
89978449
89965815
102325736
90485522
92132833
124173277
-41008855
-209945045
-178488914
-163634246
-161155041
-146759525
-146005607
-133893679
-118727254
-108299961
-101743027
-93525202
-91680213
-64597202
-58301575
-81417323
97742194
273523714
246531918
244118516
248052867
225974181
215336143
194595500
168829643
150042377
138483450
122665582
93118052
58735661
35154605
15644118
-10166582
-34364482
-55409716
-78751680
-98948888
-112203961
-121268274
-127330363
-132274585
-138405063
-145922990
-151795741
-150802851
-145295884
-144586153
-146890392
-144551020
-141685250
-141419142
-136765197
-127528115
-121227235
-119935755
-124467090
-134714308
-143164184
-144430986
-141970716
-141812901
-143206642
-142017772
-143977080
-148714867
-141529748
-128120189
-128989027
-136393182
-136564996
-135487116
-130814125
-120349094
-116233789
-119232994
-119467090
-113834647
-105295704
-95416936
-80316215
-63587224
-57820360
-57705154
-45714289
-27686003
-16455092
-6568660
4358562
13988970
26982869
43104637
56413707
64136059
66763754
70129664
78510574
84022322
80809106
72680863
62924090
56041668
53153212
48414995
45065503
49077026
52381848
49747127
46702738
46542667
49487203
49832282
41086078
32413988
34019954
40434936
48477516
59249908
67185559
73590113
83170754
90356670
92438736
94128600
98128611
104172338
107479297
103930816
100428174
100133913
93718857
81845461
72408971
64577143
57670084
50841799
40103922
28460368
21293528
16401404
9017040
-1702570
-10062220
-10294049
-8390462
-8120887
-2242321
7305739
12093610
12172599
11564780
13573205
19016850
23031608
23169506
23756596
26142996
27422555
25909778
22476057
19636795
18275012
17162584
16159539
16371453
17727420
19011000
18997431
14017745
2241731
-11000353
-23218059
-35559982
-43397107
-44101125
-43178686
-46554243
-54434538
-60479072
-62392406
-69319832
-82898247
-91568743
-95045323
-98921413
-97666706
-87898718
-73354447
-59641475
-51672453
-49216008
-48542425
-45238905
-39516339
-36160398
-32908544
-23483236
-11345027
-3965414
-2636404
-3608136
-1469572
-1695208
-11630015
-21084951
-26327065
-34920614
-41170577
-39118111
-36432115
-38705995
-42911908
-44152742
-42745311
-43782013
-43472994
-37666429
-33450757
-29368463
-19985597
-11018552
-2359618
8032611
12374031
10007020
10089826
16414011
23246722
23972579
22277884
25175773
29648478
34097463
44614611
57441270
59673142
51191092
44217437
41291997
35878799
30771380
28856298
25830614
26708111
31708911
28578237
20988719
18059093
10974484
-6357188
-24375952
-32338703
-30264123
-27190582
-24666672
-17697060
-10194889
-5401246
-4111796
-10874134
-16626693
-11809314
-9482882
-16381473
-20648582
-20664962
-22582653
-22821421
-19282269
-15720920
-11779898
-7923270
-7663813
-9462078
-8649695
-4875898
-2576187
-4143171
-6399936
-6099405
-6369712
-9840159
-11359744
-11623897
-19208470
-31434064
-37176873
-37563626
-41760217
-48126252
-52419525
-57741654
-60970953
-54818701
-42636019
-30962970
-17037696
1083898
17276015
31262698
48461103
65203748
73254701
74958998
77479086
82234268
92278524
106869478
114254380
110905884
104281789
96950279
90209400
86943506
84995993
81682446
78050312
74820988
74193443
79834248
89263932
95302554
95523059
94788365
96272573
97876871
102231689
113515415
124615699
128642971
130899421
134625154
138063302
142563869
142521094
131017714
116574113
107095295
96830996
82333911
69857448
62540584
53731422
39507806
22925145
2072842
-23746529
-45127971
-60147798
-77172103
-92426066
-97888275
-100172274
-105218326
-108676891
-109530011
-112543900
-117957359
-121606194
-124508959
-127446415
-123866307
-116010281
-115444719
-120151840
-120979651
-120782487
-123886959
-126364042
-126355781
-128413042
-134834256
-141506471
-147313221
-153156958
-155280472
-157054666
-163692662
-168080967
-167094384
-167449151
-171188115
-176676346
-180124762
-178011942
-176464077
-176257467
-169588905
-162789373
-163248067
-166491326
-173165534
-181842179
-184464393
-184526222
-187884003
-187754277
-180100342
-170360378
-160363453
-148806604
-133677928
-111130443
-83130077
-53856979
-18492477
28331216
83154489
142252593
200744836
251695868
297166632
340169508
378845177
416246808
451931235
481229560
506493716
526193324
537067830
547428052
559362618
562115282
552726309
535919796
517290216
504000855
495452637
484743583
470165462
454785586
440270172
424573066
405993389
384969111
361342492
333105315
298293809
258742531
219862923
186283482
156796101
126138982
92574055
58016682
24185846
-8125298
-37165631
-61356795
-82265997
-102410806
-123798991
-144574090
-159678454
-169351261
-176571394
-182950062
-191493427
-201237800
-207630302
-210230775
-208589316
-205542496
-210635077
-220335345
-222408560
-218061442
-209552598
-196777781
-186859187
-179150635
-169798233
-163531128
-158116281
-149845540
-144557955
-142268225
-139755099
-138034615
-133819827
-129714794
-133378566
-140101849
-145828433
-152251517
-155239546
-154357351
-152740287
-149308681
-147095495
-146989426
-142634740
-136525332
-131885282
-123205530
-114375014
-113675429
-118916355
-125089874
-129319594
-132181279
-137557807
-143188920
-145753595
-151443928
-160991508
-166690772
-168273333
-170353870
-178823523
-194372270
-203624095
-198025123
-184433748
-168444872
-154059800
-145364083
-135818610
-124558829
-122037720
-120021057
-104122604
-83742635
-69779958
-56487708
-36424166
-11940794
6386072
15012925
21868741
28007953
34174934
51652838
74075898
85520710
95450629
110589108
115094660
105275463
93255700
82793745
69693883
55465345
47102092
43858765
39939072
36827118
30611536
10411874
-13077032
-20861353
-19046658
-20421660
-21854597
-17231485
-8547149
-309793
6267432
9656036
7748759
4494929
2728177
-1710649
-5950883
-3924911
-1556886
-4414357
-11018714
-18474185
-20286296
-16653231
-16352804
-19305113
-19139166
-17958956
-19604858
-21996342
-25137271
-27893777
-26848108
-25143050
-26471057
-28710113
-28330241
-27705598
-33827563
-44101540
-48222110
-45287352
-40635714
-33678118
-23512967
-13031736
-4044364
-102097
-294130
4796079
15143762
22639985
28446736
36247072
43824964
51180260
57788486
56224033
45919081
37860688
36433611
36601398
37191964
40804876
49102898
60822343
69437077
70592338
68662622
68197450
69293941
73291836
81558965
95109630
112663825
126960055
135474994
141084957
142989003
140728107
133231845
118954034
104562134
95174852
86076755
77513137
72070097
60157441
36510331
9118221
-18579039
-45430404
-66165190
-82219759
-97886371
-108319805
-111024819
-114649153
-121623845
-122352852
-114797556
-110288187
-113487590
-115276935
-111723532
-106406896
-98329882
-90115549
-86916849
-86016379
-84740386
-84018345
-85948538
-92561470
-100222047
-105500041
-112182887
-122203290
-133468714
-145653456
-156171467
-164217426
-171717054
-173424712
-172960577
-183067184
-198120884
-204569295
-199718579
-184742397
-164753562
-149731146
-139273521
-119956973
-87900107
-56830321
-33904328
-6533849
32110330
70234957
105351416
150001168
203460661
248729267
279757823
306144287
333659797
361640895
388079798
409964319
427671368
441956933
448953835
447411680
440315625
428405957
414533485
403591755
392969427
379993915
368223900
357264186
341228823
319241908
296644238
274518511
251266338
233984570
229144989
228630214
223766677
216645984
208900770
198226395
185307415
170908484
151876026
129623285
110787159
96969645
86091876
75237033
60454144
43982231
30159629
15758679
-2360424
-21983744
-39809411
-53194961
-64142799
-73323576
-75814558
-77132496
-86421892
-99962585
-115051937
-133078625
-148742942
-159691332
-170490608
-182665408
-195365629
-205730301
-212114212
-219354421
-228801796
-240568233
-255913347
-265886732
-267077541
-268785354
-269261892
-262348644
-255707690
-252540677
-245296892
-235560928
-228186521
-220649897
-212764997
-207797779
-204226480
-195722306
-182371734
-171894906
-165575575
-158117356
-149083983
-141740344
-135011612
-126510549
-117432066
-108221450
-97770755
-87846756
-80128723
-71357199
-58229914
-42894126
-30606287
-23624434
-15096528
1194373
15772284
21014559
24599032
26803633
21797479
16353600
14830448
13657187
12665015
10144535
3865711
-4233476
-10979910
-15518284
-23257111
-34119751
-36313165
-31270297
-29267302
-23608334
-11696153
-4197380
2356300
13068861
20598838
26147885
34211417
40097512
46181162
62501878
85149885
100677194
109439012
123323971
143220118
158778581
169197759
179587965
185204819
184445225
184592139
184522628
181038486
180574523
181225307
170110817
150026562
134737563
122283310
105405955
88165890
74585303
63377652
52662132
42463096
35504223
31628676
29614000
30086308
26586137
10601225
-10138824
-21055205
-24163070
-28049375
-34076595
-43643115
-57983938
-73797519
-85528817
-92194947
-99329140
-110367565
-121027513
-124453324
-119808498
-111754459
-103550780
-95338877
-89842657
-92039482
-96828849
-95443383
-91620149
-91112297
-91921613
-92526277
-93536305
-93063179
-92678064
-99048514
-110612742
-116495697
-112519771
-106089623
-101894683
-96992422
-90036419
-81505152
-71366683
-60260787
-48843704
-39470400
-33916906
-29997256
-25436966
-19218064
-9410852
2547218
8407524
4995610
1280483
3256500
6270087
6223147
3122221
-3548412
-9147139
-6966017
73651
8135801
16835989
22525221
23759145
23954399
23569111
19328831
13526981
12748101
14928762
14794590
16867796
22716109
24694662
22753858
21702042
22473076
27243653
32583769
31888083
29771990
32745193
38472952
41730226
42102866
47786311
62970547
76757962
82529669
84098189
83472421
84212451
84198037
76884951
69694152
69251326
67672462
65219588
70083368
76797838
76146836
65634539
48353401
37936088
40221884
43470468
41393741
36630146
31101325
27746387
26405461
24191158
25905937
34155204
40834160
40794721
35331453
29824802
26287179
15647690
-1951575
-9781344
-5087384
-1074184
-441733
-1990251
-6526148
-8572043
-12516979
-27450892
-44101117
-49249576
-44196796
-38195159
-34842710
-29661432
-21558020
-18930552
-24663398
-29635665
-30284753
-29101380
-26113102
-25759137
-30958879
-34203967
-33030991
-36368192
-44212198
-46661309
-44061920
-44104028
-47231933
-48829805
-50926303
-60204072
-70819492
-72225460
-70213104
-70011480
-65565310
-60154224
-58774659
-54702018
-47419592
-45049056
-48141404
-49670480
-46289383
-45147217
-46558646
-33824335
-10197605
-663215
-5461356
-9497864
-11788290
-13066994
-12695219
-14827015
-16043223
-9099250
453473
5614124
9405642
14145380
18293980
18840568
11906719
2221749
3139359
15855439
29474203
40914123
51948120
62627400
71483024
72791240
69491139
71505431
76283851
82032748
91880787
95445082
89924611
88714946
87300765
74294031
59321932
49336633
38207445
29387131
29048059
30011789
27272409
25538921
23322754
14382696
3197209
-15163
6203054
16755219
29080281
43344565
55965666
61971134
65536395
69007077
63927777
54865802
55051969
59925175
64048462
71466859
76226243
71480949
62081479
51213476
40652479
33509813
27052510
21598074
19527828
16240384
11664666
8451398
1058667
-12318383
-24962467
-33601878
-37222411
-35289789
-31991295
-29092155
-26889148
-29159091
-34187514
-37644223
-40259723
-42221043
-42251301
-39616717
-34254429
-30113186
-31008721
-34300126
-37171209
-39737237
-41290573
-43889767
-49648868
-54824237
-56902223
-57673134
-58591664
-59838789
-61916421
-66527957
-71789298
-75424433
-82191415
-92505719
-100090245
-105528520
-111266968
-112892153
-110240297
-108374272
-103524616
-92588199
-85146047
-85449024
-84027084
-78191963
-75753277
-74515798
-65406113
-52291844
-44469542
-40871396
-38838090
-43513116
-52971356
-56320236
-55513305
-57208978
-52185244
-37768535
-29915684
-30520226
-28239971
-23854981
-19684484
-11534680
2282887
20530972
41684638
67382129
98886547
129450929
152597863
169703491
182563814
192204812
201624350
212391884
223612006
231739738
235425523
237831458
236921363
229120797
218534880
207889121
193963159
175210822
151444586
122897739
95022934
73410207
57295490
42767828
27604246
13237123
289330
-13333782
-27673322
-40957990
-52608410
-64949410
-79889014
-92839343
-97119814
-96027502
-102948564
-120522961
-134974613
-141399787
-146989182
-152417197
-155749288
-158387082
-158349360
-156786365
-158286095
-159133565
-157874583
-159292383
-163576765
-170006507
-173869116
-169665554
-164849370
-166627895
-170401236
-172867015
-176033823
-179589075
-183796532
-188146211
-189145719
-189519793
-191434610
-189178112
-179439937
-162168501
-138891623
-115938894
-95507449
-71731755
-44746323
-19448921
8828593
41531976
70235505
95725614
124188916
153604115
179388013
202591997
228623361
257950308
283373066
304421247
326422534
344057642
352554312
357467053
359719517
357364830
356724305
363167557
371826336
377868385
382388622
379298711
361750326
340353633
325276166
307771902
282510283
258438044
241415235
231612410
224120636
213322184
201401130
187166924
165246468
137735065
112787895
97216857
87212733
72121647
51967990
34863360
19682491
726016
-22028201
-49151566
-79008435
-104183446
-123479834
-142733562
-162498511
-177653339
-189635552
-206323348
-229614933
-252693635
-270301939
-284499817
-295932113
-302926812
-308977649
-314325410
-315187195
-318104920
-329167105
-341326451
-349976503
-356690577
-359536671
-356020500
-346647690
-337460238
-331509718
-319954755
-302209876
-286750552
-269583374
-249096710
-232329315
-214626281
-191640958
-168924065
-146313571
-123731238
-103895565
-81524775
-54876182
-29196196
-6291390
9818191
18491346
29171991
43898955
56582592
66286354
73677571
80476533
89168271
96837843
103731997
113777627
121743858
122653628
122164935
123641056
125157311
128049522
133054539
137246390
139501933
141346316
143876067
146785322
149701966
152715524
152288283
146915939
142995247
140314023
133293782
128335363
131620200
135209945
133207899
129467171
126931475
125357490
123611273
121403928
119655625
118059232
117305492
117112607
115720936
118214251
129492880
140759011
143799228
146776023
156232421
164492139
165432098
165202614
169351953
169659965
161850680
157539448
160567764
161535571
159370807
159739148
159061144
153016069
147691827
143786935
132314196
115801201
104842657
95949651
82788542
71560270
61897827
45875510
27723002
12268422
-5767134
-26407437
-43821054
-59407010
-78045932
-98047964
-113649419
-123868261
-131989050
-140127527
-148719368
-153811814
-151354465
-147131385
-146403897
-144191825
-139268753
-137161409
-137563492
-135165854
-129007602
-123359418
-120017745
-116470501
-113079981
-112564127
-113684990
-115581479
-118037393
-116937868
-112847315
-112318929
-116310043
-118987987
-118259472
-118821490
-121733617
-121745343
-119859983
-121760569
-123877726
-120952329
-115770151
-110352043
-106313934
-107085957
-107619882
-101782322
-95429701
-91283927
-81619754
-70091265
-67940178
-69902782
-65028417
-57248721
-52821938
-46328680
-37697345
-36608387
-38515944
-33275369
-29475251
-29903973
-20588958
-7932139
-8033099
-8535125
2040941
8225520
3914775
2037111
4674915
4215006
1670982
1922128
2619794
-668600
-5858203
-12310518
-26521205
-47128839
-64779004
-78172560
-85982113
-81985375
-70798591
-61455800
-54770099
-48400843
-35540563
-12776110
9159583
26632073
48077635
70430530
91060401
118755182
149842438
172560875
187569783
199057832
206698839
211115514
212079127
206925640
193028068
170659952
146875263
128464147
114229661
98743231
77643872
53997907
34241903
16318876
-4530982
-27252397
-48349852
-63111954
-66880976
-61961876
-55965040
-50417175
-43918024
-40516909
-41023183
-39329151
-34779197
-34269435
-37278009
-35047571
-27007215
-19502039
-15077760
-14118162
-18156642
-26941187
-35996039
-42298749
-47387772
-54167827
-64157938
-75477054
-86430373
-97189417
-106519115
-115255337
-127004083
-138220815
-140483996
-136760059
-133178823
-126404918
-117889008
-109978777
-95506440
-74055511
-53204107
-32718995
-6609452
24575566
52480599
73700969
94215925
114880001
130405496
141691684
147957159
147294721
148370058
151451430
146652272
139663233
137597960
132522630
121554904
110348921
100161868
89214032
77275873
65536549
50987476
30398552
11667275
-1434499
-16366649
-32633124
-47915183
-64747784
-78140206
-83230461
-82854598
-80449142
-79421556
-80622577
-81258145
-81280892
-79101581
-69962624
-56119141
-44352074
-36862701
-25385502
-3525078
14013822
16564533
16287663
17912103
13463058
4566744
-2198441
-5879586
-8712814
-13331873
-19520640
-27233741
-32675233
-27734085
-21263867
-26527800
-33584691
-33995062
-37285968
-46372941
-53509528
-53313236
-46258722
-38921119
-35586835
-33258905
-30242931
-26682331
-25138204
-32502418
-46754830
-57735050
-63476408
-65661968
-63872840
-59910075
-51310123
-38474963
-31499331
-30595698
-27559098
-25002332
-27362383
-30927523
-33091902
-33376126
-31683422
-28704255
-23120475
-18095477
-17940908
-18953630
-23986635
-41135305
-59354958
-63563922
-59530253
-52458097
-35712731
-11584751
11292502
33146439
57047450
80931961
103543165
125898062
144653805
157141550
170695457
192145037
212878882
225731217
238996468
251645539
250855508
239072835
228490382
222198708
216638236
207216235
193504705
180957156
172010760
168435331
175465047
190594887
205084861
215327257
221385732
226510519
236986796
252409011
264897927
268551141
266118573
268051091
274681585
273866800
268193950
265347555
251668263
220653287
189164136
161462217
128663466
94657981
63579182
32456839
3484287
-20799360
-41971209
-63446918
-85704280
-101564762
-110232517
-121937408
-135467637
-139825458
-139953918
-145312790
-148690601
-145180756
-142622516
-142445580
-140788154
-141233006
-147071949
-154109760
-157523354
-158284965
-162365499
-169709387
-171395217
-166435826
-159888334
-152778797
-150024867
-154445632
-159866344
-164601936
-168852326
-168501159
-164911350
-159225044
-151516221
-147455013
-142539768
-132317476
-131224010
-140461286
-143110828
-140706332
-140722741
-137480703
-132467930
-130184749
-122314289
-107516658
-98384404
-98137268
-97006314
-90595157
-83659792
-75198474
-60191483
-45652927
-38991556
-32470256
-21563777
-11883127
-1990845
8647809
11595981
10119803
15809183
27547402
39345034
48655981
52236374
50985778
51211691
53486642
53570278
53860281
58242218
61960175
60890140
62760027
69882527
70365187
64624604
61611126
55720559
45971034
43225450
45620322
44580123
41130093
35824639
25603817
10270858
-7133324
-18651336
-24836597
-36103134
-46465885
-47662963
-50217300
-57136804
-61135019
-64973781
-71476024
-80300665
-91420068
-95156348
-87412498
-76877597
-64710007
-53225058
-47724744
-40684156
-30291356
-24799559
-24655849
-28649616
-33421245
-31698629
-27716257
-26893749
-23103674
-17518766
-16851443
-17734090
-17823347
-18078835
-16757307
-15392387
-15937707
-14761552
-7246436
4898450
13635106
15255061
16864449
22793573
28133672
31185624
32885675
32511986
32400264
31134250
25292229
21308192
21368360
17476671
9824019
4668766
5565126
13293675
21182416
24670679
27152041
27050964
24379370
24066712
23980738
25661742
30936713
31472555
32320936
42605459
52138222
57741494
65296483
67782010
63968386
63522968
65174776
64736880
64210494
64755554
65132088
59023984
48666481
46123516
45284518
35635350
28969709
29488581
23504305
14974509
15995430
19664327
18019183
15008972
13339578
10158943
3990954
-2018559
-5955957
-12100478
-23538926
-36951771
-52370588
-71850080
-89530074
-101965395
-114812976
-131117200
-147859423
-161234055
-169113678
-175687970
-184174264
-186116078
-180448106
-177300305
-174347430
-166272083
-158907492
-154687060
-151944152
-151830974
-151414310
-145618047
-136179614
-130724075
-132775542
-135849543
-136469589
-139949576
-144904624
-149080717
-158108613
-171031139
-181104317
-185972522
-185176402
-182290620
-183009415
-184895615
-183523130
-179734247
-173757298
-163167064
-146681661
-128788251
-114898321
-100392680
-77439876
-44369211
-2291079
44493220
88839323
130072050
173515438
218243871
260999026
305224424
349407066
383723696
407886210
429216385
447410821
461394785
476785310
491902316
493209178
476787386
456068468
438668391
418786065
396054413
372868032
344538373
315781313
297650020
286315403
274338795
262477592
249055476
228919003
203677634
182329385
168019793
153891949
137712657
123221529
107409066
90932841
80807040
69123824
47774941
26798586
10236536
-7353422
-22452009
-32676631
-43316435
-54744202
-64137331
-72689499
-82387328
-92913705
-102247214
-110382329
-118580045
-123962060
-125248945
-126550517
-128828965
-129390683
-127512214
-124847206
-123412415
-122368303
-119504969
-115986634
-114162457
-113187502
-110839105
-107866317
-105897238
-104231096
-104549786
-109325292
-115178046
-118725791
-119990867
-118332345
-117459336
-121589699
-124379270
-121462609
-117397661
-112276496
-105491121
-101900483
-102569421
-101928642
-94717186
-83079179
-71943246
-61252102
-54029314
-53031610
-48665250
-38461277
-34650739
-37528013
-37262994
-35965504
-38543619
-39954202
-37911010
-38931344
-43977740
-44521112
-40735699
-41253247
-43007513
-41522946
-41711367
-42359164
-40071970
-36526501
-30011556
-20085374
-13405035
-11836066
-8173522
-480980
4101666
1623575
417433
9198881
21680191
31214460
41246786
52303989
61727438
71390448
78412491
74815009
69747633
78386705
91549398
94470201
92731525
93970043
92201539
82258582
66771338
49468423
34065402
20788857
6623625
-8822837
-21935386
-28051528
-31134786
-43933741
-68111933
-85689816
-87232729
-85607773
-87963583
-87978239
-82594071
-74979615
-70560427
-68633553
-62995857
-56456416
-56565913
-59989824
-59367832
-54006025
-45367082
-37142803
-33119275
-33161935
-34141672
-31343630
-27531457
-29822851
-34863333
-35161149
-35144204
-38627443
-36241995
-28498251
-27015738
-27572460
-21436115
-16648475
-17999655
-13836270
-3389442
-1905984
-10097464
-11550109
-1026672
6647806
4362729
1196620
-928506
-4226077
-4166530
-2186613
-5054037
-10023686
-13234033
-17425906
-21825089
-24031192
-25284572
-28054019
-34564833
-38825625
-31501847
-19634417
-14953706
-13048974
-9521133
-9480861
-9670541
-3563609
4156501
9491376
14731920
21591659
32308187
43667101
48658103
49048534
49117545
49717892
50608328
49313082
48776900
55928464
65881162
69411048
68309559
67092573
68164198
75242088
85397710
94486961
105004155
114822269
120836879
127322969
137379189
149450012
157648954
155881125
148779411
146450541
148624547
144590492
130554587
115736458
103631720
86621434
63578856
40655400
20057202
3002923
-9089266
-17868177
-23210685
-24589274
-24092662
-25807269
-35127603
-46679150
-52146748
-59676583
-70812772
-71372784
-60531956
-47336433
-35344859
-29724327
-32629661
-37395350
-40960309
-43405187
-43522269
-44020738
-45846634
-47472954
-48151730
-42638214
-30073527
-19971041
-19788894
-30614752
-47589303
-61109477
-70237676
-80322259
-89330384
-100172730
-115790053
-121479236
-110104332
-94368130
-81510649
-73617472
-76082305
-84291222
-89067131
-90058587
-87686944
-79852435
-67373022
-55902030
-49827356
-42112962
-29572319
-23853377
-25346358
-20662560
-11196067
-7055398
-6554436
-5827736
-2699094
8835722
24798146
31812751
28865419
26457707
27571859
27147811
26060802
28367823
29444271
24448950
19362127
19255282
20328155
20928490
22173786
19889777
13562893
9530630
9056346
8869471
9323374
12205060
13166809
8101141
2521303
-595041
-4868510
-6196908
787040
10847335
20534481
31895114
41661201
49262517
59094967
69366253
77698182
85261370
92730716
102164257
113865979
123052236
125633671
120337048
110491235
103780574
98914681
89073386
78758857
72108147
63778203
52999509
43273757
35418311
29064279
21882797
11998431
1752168
-5830259
-10173681
-13226841
-18118736
-24160353
-28117069
-30043318
-32302397
-36213985
-41049290
-45918311
-52015114
-60399590
-69479562
-76946409
-82195876
-86001065
-89037040
-93079229
-100305455
-108756045
-114310016
-118536197
-124580097
-129771143
-132611816
-137004567
-143738551
-148346217
-151069961
-155821982
-162037642
-168553423
-174825561
-178010959
-176614547
-173547497
-172119853
-172512119
-175691582
-180434888
-180665793
-177070126
-178435007
-183148661
-179854052
-169158793
-158888295
-148548432
-139610032
-138820805
-145134653
-152461936
-158849209
-164203174
-166254350
-164615859
-163719558
-163643767
-154621251
-135196523
-119401201
-111635357
-100564437
-81413454
-57883657
-30860817
-370532
31895433
63615167
96233904
135231502
179227439
220460644
257305545
290530365
315914754
334767483
355671207
377467424
389064976
388404121
385477155
385323046
384152829
381586512
380443757
380705743
379318606
372259878
359775537
347573909
336986524
321755248
301929197
285195870
275849681
276532482
285328945
290822897
289716141
292195404
295975009
285738728
265230694
253981104
253910441
251265417
244348134
241242009
239388164
230825922
212889341
187406716
160043180
135193125
113452202
91982613
68163290
48258542
34398069
12763749
-19406503
-49023990
-76058469
-101781054
-117879053
-128227912
-136313086
-136669374
-135509844
-137600223
-137787437
-138533536
-140163669
-138452310
-138547808
-140183694
-137088899
-132580168
-127186544
-119025897
-113876877
-110757705
-107315252
-109356458
-113267056
-113106975
-114786511
-118519914
-119882278
-123449020
-128680222
-127582852
-120535605
-113725422
-106916165
-96311813
-85970659
-83397760
-85979715
-87203614
-86998091
-87003139
-86910040
-84727231
-80676979
-77562520
-73972528
-69039772
-66472920
-65405352
-64359810
-68139650
-75502715
-76832758
-69391090
-59622383
-52609037
-46489424
-38443899
-31754497
-27688957
-21527065
-14657850
-11394977
-7414255
642218
7358378
11024605
17234031
25428559
29912082
31996998
35403953
37634179
35202140
28718531
19602000
8728245
-1157109
-7549790
-11318422
-13381182
-11282759
-6131269
-6565616
-13507544
-15420908
-6660916
6151110
17062369
26860153
37994832
52043479
68586685
83613419
95111360
107657863
124177061
139725923
150645090
161039420
173080100
182029704
181129802
169741628
158468381
155149803
154915495
151444298
144032671
136457109
130557532
119165997
101108612
88686116
81591953
69759064
57925969
47760689
30918547
13925341
5803749
-1629586
-13668807
-22342521
-25104100
-28402638
-32305342
-30656379
-30088559
-45007829
-65038176
-69316519
-68372688
-77526537
-81965890
-78043275
-85766530
-100465611
-104962223
-107208527
-116024870
-122703730
-125946687
-135612498
-150108404
-159642333
-166418941
-180503819
-196881495
-202202390
-203611393
-211312751
-214896740
-208823132
-203682297
-201227796
-190569254
-173592779
-164734301
-164551382
-161533196
-153471184
-142735264
-126766419
-110944999
-103553972
-98038863
-87903124
-76361016
-65671850
-61060428
-66200316
-76891996
-89015349
-94113734
-83036679
-63920807
-50812425
-44064351
-40057638
-34852446
-23160240
-10383496
-2590957
1949172
4966862
14285648
32952997
48845369
61573028
80431449
95079405
97543049
102233978
113189906
119949432
121857790
121988358
122474351
128522066
138116412
143906923
146292545
148847034
152868607
157908661
158867534
153968627
147973020
142204602
135927579
133313600
136580941
137989386
130383971
119496268
113949707
108276932
94416652
78688910
64108012
42756769
16017875
-6609481
-22574361
-34645142
-44338833
-55325561
-71582974
-84548377
-82586334
-76510072
-84151505
-95793728
-98065590
-99728765
-99450759
-88262881
-77195502
-74150500
-71709615
-68131542
-67202405
-67509638
-67291372
-70406832
-80111998
-88840288
-88687827
-87744078
-91092652
-90740085
-91390217
-101263694
-109372427
-109386622
-109162164
-110664883
-112958450
-117551179
-120836922
-120353427
-119718797
-119077692
-113474491
-102044276
-91126264
-83415969
-73086296
-61489936
-55353618
-49539273
-42798385
-42547601
-40541935
-28147160
-17734890
-14333578
-6351899
3913112
6365804
5892369
6428092
2229232
-3816708
-3878880
-2021709
-2581606
3020570
15794371
22308752
24485833
35697527
51201082
60063916
63688462
65867752
69053344
79447374
94719141
102246924
103523643
111336711
123727248
130036580
131856269
136846412
142025751
142023052
141592209
144714269
146744376
144741164
141009837
136498766
135859912
144822943
157177330
165292185
168899189
168632384
166355097
162113434
154707490
147445459
139756413
127776112
117656441
114887108
110837039
98081390
79724877
59590688
38374201
15706332
-7613427
-27219427
-38182983
-43508383
-53291139
-67673101
-75603910
-79525740
-92696033
-110595662
-119130201
-120075797
-121205269
-121189875
-120136159
-120561090
-117748148
-111708283
-110536649
-113720251
-113804212
-109823738
-107535792
-105026856
-92483158
-76548093
-73238657
-78077800
-81068752
-85833454
-91470067
-93741893
-97020692
-102112438
-107460326
-113146410
-116022209
-117826902
-122697276
-130339236
-138905148
-142481448
-138081345
-132839301
-133381289
-139025376
-141856605
-134810502
-125706307
-121243133
-112553554
-100924607
-97529797
-98378720
-94763481
-86560949
-78230803
-74261549
-71247845
-61988028
-46248692
-28105456
-14319353
-9724030
-5768767
5938781
18002813
24247556
29793042
36974429
41011263
42540781
48730952
57706747
61915688
65072891
72319412
77075311
74800590
71893272
74039887
76707357
74143341
70914838
70440577
67454964
65312715
70163595
73236498
72650127
79982013
91195938
95435178
99355854
110490264
121587147
123285923
117411001
114824817
119563389
126764096
138033397
151846006
156349427
155418055
161390411
165681732
158695902
150616894
147733857
143329792
137445342
137248667
141269577
138668170
127412248
116951528
105623259
88325672
73738977
61938680
42659554
20767211
6113288
-5030331
-18731466
-32380430
-43795630
-57551234
-73822312
-83769409
-85792555
-88627325
-93081261
-95290440
-97998862
-101954271
-102882033
-99319926
-94941635
-93082866
-92488515
-91693429
-91797022
-92744095
-92729793
-91050448
-88329983
-83334870
-74666742
-64873686
-57738574
-51233226
-44771387
-48157759
-62063362
-74347549
-82427315
-90641692
-97050625
-99032881
-100896371
-107363206
-116879638
-126452056
-136323105
-142993671
-140121726
-135043424
-137569389
-137073770
-125401092
-111178219
-95933993
-77835080
-64165439
-54875652
-43087217
-30165600
-19444309
-12181579
-6853494
-1746133
-2965088
-9043333
-8294352
-1374618
3956305
5805624
5999814
11965820
23870670
31307532
38169089
50672125
59108685
65032214
79075689
95565898
106211411
110315930
112826115
120074573
126007000
127215390
130692774
131142544
126497965
128591031
131898690
129164407
133952598
144899427
147354487
145880158
150480261
162486140
174336560
177063840
179554172
189880029
197252602
200034511
204601117
202548607
191126526
180896124
172827921
163257999
150495433
131046888
109062549
89708574
68665428
44328152
21851549
3208768
-15233243
-37740483
-59083363
-67433903
-65280246
-66458436
-75070212
-86340757
-94459707
-98002067
-102337307
-104345997
-95081870
-82054320
-76357506
-73391613
-66464163
-55504821
-45084856
-45134794
-54911406
-58837863
-51238018
-40528174
-31883682
-21552643
-6292492
3750120
-792750
-8513091
-9081058
-9326007
-14619284
-23401577
-32516707
-34615922
-28786640
-26930026
-34565891
-43636265
-48448883
-52705937
-60536025
-67155797
-66525937
-62603289
-60223387
-58599354
-56933961
-52278656
-43371701
-37711092
-39252939
-41992277
-41401129
-35695591
-24979772
-14458463
-5664728
3391224
11568260
19889482
28395330
33292603
37783521
45697236
51452271
52911758
53369166
53410639
53991468
52263803
43299228
32369894
24771557
16136633
4725478
-6542857
-16487076
-24848193
-34950959
-52468269
-73565713
-84133909
-80369655
-74893835
-74825004
-75634252
-76093950
-79151898
-82309917
-80271944
-74510324
-72202294
-74932464
-75140374
-68244708
-56216246
-43176827
-37950243
-43230561
-51011406
-55368406
-53765825
-47998103
-45423157
-47689828
-49387957
-48242175
-42949017
-32825021
-23350222
-19906542
-22545424
-24171114
-18885487
-9842167
1537629
12128177
12744407
5869350
3604699
7366352
11374483
14004538
14691013
13545885
11081753
8697105
11222675
16307009
16939858
15126308
12343972
5250686
133103
5076412
14716907
21585514
24040604
22679245
21333739
20897902
19253663
22834961
34730707
42892488
41623867
36725338
31276011
28879532
29031793
22280502
8163055
-4094641
-11692627
-14849935
-15724802
-20411800
-27031887
-34783779
-50588118
-67813461
-74175132
-73391525
-71502796
-67093073
-58887207
-44430325
-28695306
-24352546
-28926330
-32063376
-31573256
-25380208
-16116457
-10254801
-5200910
1198917
7359052
15286823
22521641
25504869
26553612
25751750
27326428
41597904
63463205
78526147
86435977
93773151
100786343
103685208
104844695
108953940
108623919
98311989
88991057
86340670
82342286
77466968
78934292
81782312
79930594
79763572
84144233
86000438
86092162
94471586
109443694
121960581
135866309
153520166
165051803
172335755
186578279
199478878
198859501
192391986
186364975
177008908
164481396
150500158
136497702
124698101
113361685
99319745
79840979
56145473
37134542
21393168
-1630566
-24878854
-40570006
-56854492
-72076191
-81325199
-90660087
-96293728
-93680053
-95777468
-107609572
-116625503
-117598605
-116128858
-115420462
-114354962
-113936128
-116390094
-114583120
-102828675
-93855484
-95219403
-95125525
-93569786
-101387054
-111216394
-113358300
-114690201
-118364029
-118366855
-116927824
-118601255
-118998782
-116378697
-118520691
-127803492
-133491187
-129945495
-126366861
-128131433
-126573571
-117998222
-111775444
-108312981
-99123115
-88491951
-83250524
-79111280
-73130495
-65791511
-54501886
-40336924
-25970393
-11335623
1991636
15720688
29322859
37873634
47028100
60800450
69899006
74328890
84229242
98470873
110280523
116800876
116823112
111235873
100575312
88646170
81404805
77247407
73557679
69431305
61463972
50101352
37291681
25134089
18382603
12348108
846429
-6581424
-5622735
-5034656
-3854958
2003926
7370683
8026493
4966817
5004591
10651101
10235839
2664267
-1763756
-7193817
-18169298
-32338845
-53817678
-79691003
-95798562
-101768265
-111084049
-127892138
-145079799
-158741401
-173755335
-189938132
-199221236
-204863671
-214347667
-222104242
-219984671
-206465549
-187358324
-175829680
-176527500
-177814827
-172836455
-165705687
-156344076
-144911380
-136458842
-129834196
-120077755
-108986989
-101098443
-96563204
-93889736
-90831149
-81972197
-62185484
-35218660
-12875929
856109
16466675
40606103
66803279
90851935
113903829
136912193
164257485
195583816
224257291
251978843
279889313
299026914
308345853
315584420
322346709
329290267
335817684
335594524
331059523
330011556
330683753
329551158
326080374
321480366
319032313
314529323
300402150
283093937
272794033
265221057
252801838
236193646
216759955
191573994
157757991
120223057
87877349
60295628
33832284
9000646
-19756849
-56180950
-89777247
-116474104
-146169182
-177989181
-202913625
-223129542
-242586899
-256129829
-262002971
-266716669
-269576994
-265699944
-262639582
-263884429
-256540045
-235766147
-212998390
-196773934
-182734877
-163819495
-141755046
-122875567
-107859235
-93977076
-79847653
-64623847
-55570580
-58800747
-61147690
-51929096
-41735136
-40569605
-41166212
-33473411
-21244118
-13295453
-10138832
-5709496
4188556
17559514
31332782
46247141
62861576
77301691
87566513
93931001
95668775
94575065
90820471
85876858
84736488
85825380
84526459
80358671
75320365
71585874
68680003
63634731
58473468
60279099
65402256
62550476
54362928
54957694
65699421
73926543
77319311
79158710
79092344
83791197
89224135
83419416
76823869
78796696
77661281
70655763
64655964
57434728
49021545
40097004
26968421
13573225
-15233
-16458464
-29067033
-39612954
-50720024
-54742769
-57025005
-65811941
-72513617
-77590119
-89700210
-96608583
-90635935
-85046505
-83261571
-79672337
-72998131
-63546904
-55510280
-48088963
-33228962
-16702435
-10622220
-7225794
890191
7268540
16704050
32598853
42366676
46788907
58431606
72649612
80690749
88716451
99128164
104657532
104894015
105788025
110366457
116448809
123441846
134787379
147942343
157737384
165136666
168631456
164478111
158120755
154126767
147685820
139255310
132828594
124026503
111261682
99372040
86895513
68995798
48349314
29419350
9231859
-11966458
-27269678
-37870236
-48887573
-59722114
-70651780
-81832000
-91013064
-98969011
-104509655
-104638356
-102419669
-97816139
-88984968
-83997156
-85379110
-85954338
-85262580
-85180294
-84231009
-82016912
-78628060
-74539438
-70104988
-66050852
-65725961
-67401379
-66558127
-69664090
-80747502
-89366727
-89977820
-87617941
-85224602
-83711361
-83715064
-83084570
-80738374
-79008423
-78164832
-74882307
-69813649
-69108712
-72068030
-69004160
-58312136
-48357583
-44425688
-44727213
-43146654
-37587059
-32294268
-29066138
-26292539
-23187535
-18694742
-11816419
-3576157
2456211
1994311
-3786321
-9390126
-13072531
-12757958
-6892506
-659090
4654909
10287133
10917094
7239268
8059728
14162796
19761032
24133553
31502081
42867494
52941148
59858912
68611985
79916662
90813682
99865575
103006743
100701420
101167646
105622627
104740164
93819975
77873733
59593091
41633207
34455934
36314552
28693987
11216821
-2206815
-15874624
-36263554
-53564252
-61400772
-64403182
-66467465
-67432063
-67893502
-69921375
-70222214
-68888720
-77066560
-90776709
-90626151
-80190353
-76341936
-76286426
-71694449
-65192057
-62080001
-65648257
-73515156
-78225383
-77084584
-75304617
-77079634
-77229543
-72028482
-68794309
-70385541
-71690141
-72874411
-73477611
-70545126
-68448542
-68810126
-65344024
-57647176
-52485552
-51780427
-48566743
-40069502
-33236661
-31252076
-32033922
-35505050
-39089328
-39301171
-41001201
-46109457
-46438717
-42196866
-42094377
-46939355
-51462294
-55025268
-57517993
-56096761
-53236238
-47923626
-35403239
-20795468
-12157616
-10833308
-12278168
-14108306
-20601327
-29225942
-27739571
-17378675
-8572976
2105051
14265377
21221964
29842083
39299642
40492882
39673251
42628933
46569392
54448525
66495535
76216958
84472127
92428806
94546250
89076595
80824326
74821220
70418676
65503587
59891556
50655530
37143156
24923770
15781847
7609812
3933958
5592012
12092
-19283936
-34661817
-32278015
-26750660
-29213735
-28237388
-19989592
-9461400
7303755
30243441
52720989
75345987
98103979
113796466
123370764
138614023
162827604
182553467
188683774
189333559
189429306
186927476
184505348
180396347
168887273
152398266
135151547
115758800
92152581
63717461
34824952
14397426
-290957
-17593791
-33457086
-42363823
-48124728
-58154494
-73978891
-90252957
-101189024
-103668013
-100522177
-100870909
-106011938
-101324436
-84622747
-75553995
-76781155
-73983332
-66427626
-60354156
-55322082
-49269160
-43518666
-36398773
-25644999
-20954286
-28904161
-34210528
-24621232
-12870262
-11241002
-13224077
-11201525
-10121732
-16550285
-22864571
-18769493
-8829814
1589550
13387108
22491142
29485057
42017226
57853971
66153699
64076260
62290119
68396240
77094882
87290393
102279494
114620881
117935260
116656044
114821101
113618136
116587641
126554861
139701376
147657372
150137081
153893839
158021098
159708932
159786654
157052573
154012306
154184246
155189272
153631861
145723445
131795891
117668697
101319061
79017291
59211114
45909374
32510341
21235841
14896990
4757992
-10597264
-23135136
-32720690
-44726358
-57361399
-63391996
-65205422
-73476299
-87437504
-97486344
-105102967
-115296215
-122437573
-126124816
-134817166
-146067832
-152055148
-155841738
-164436542
-175945270
-181802322
-180676254
-178669575
-174294456
-162913933
-149633429
-137767925
-125151134
-118151358
-120883419
-121306819
-110836814
-98124197
-90464185
-81744889
-65859223
-47044378
-32336843
-22823601
-17260738
-16649172
-19649385
-20062451
-14213099
-4591581
6603384
16687843
22168337
26993490
36183022
44428798
44599967
38840887
33541725
32063910
35177189
42685218
52785910
61136206
65158639
68071990
75771202
89333734
101365124
106469828
109693236
115094095
120136692
124037947
126468252
127308184
130953172
137807150
140729733
138074384
136728738
136362844
125476265
103126273
83594237
70809283
56031613
39960863
27696247
13221382
-6706762
-25237789
-41981070
-60026345
-74712309
-87270677
-104233797
-116754131
-118416910
-121578429
-127096248
-126764028
-129113392
-136395788
-136595615
-130893020
-126258899
-121466438
-119754023
-127084099
-137859986
-140872126
-137046161
-136934916
-139384553
-134873973
-126533926
-119774403
-110832135
-103305590
-104456520
-108835971
-110514745
-113060833
-116826066
-114482129
-103802885
-94801253
-93553342
-90340535
-80055918
-73079973
-77097138
-87223771
-94699697
-95592301
-89099148
-74464955
-57066544
-45668816
-35326797
-19118258
-7550045
-1893262
9782647
17569344
10156381
3112227
8225794
17300387
24603922
31826115
37041160
37440777
35786814
39413467
48119007
55542387
65565243
80523209
91934645
99452119
109863035
120725761
125913485
128184321
133844992
142987893
150730568
152877199
152285972
151475658
146255686
136707567
125515167
111754749
98067901
91349868
91582026
91907126
91234917
93857437
97525522
95021204
88607414
86122894
83942305
77747653
74945954
76358353
75123798
71454167
68372665
67004773
65817355
62950750
60848459
57377771
46668299
32470711
16981450
-4515501
-24603972
-34651747
-44598788
-60478586
-74600469
-83732851
-90210851
-100504096
-116164705
-125222392
-124888517
-125737055
-129761117
-135931816
-145835335
-151314724
-148115752
-145733084
-144136838
-135647960
-124132451
-115742179
-108175691
-96852343
-84522953
-77790977
-74904714
-71116325
-65297003
-54215594
-35710620
-17586676
-11351284
-14202668
-14143194
-13590785
-19999066
-26417780
-29259133
-34272852
-37398614
-36477346
-39685209
-45563463
-48543433
-48868016
-45143482
-38219387
-28712191
-15786691
-8388553
-10557174
-11512877
-8263634
-6882618
-7038211
-7278786
-8480094
-8015266
-5886304
-6877458
-12065311
-17295738
-19803623
-22662309
-27717998
-29465073
-24523197
-19393350
-19372578
-21229872
-23409813
-25238617
-21384101
-14237257
-8816075
406836
11358872
12241851
6140530
1991347
-295460
1478578
5404794
4951764
5708639
13004032
22431273
29625490
27769828
14014893
-689765
-8086784
-5879300
9865704
33058376
56442394
80623409
97839607
107543377
122727337
136448997
137026923
136412623
141989258
145497405
146159650
146642987
143061483
129352599
103491368
75758008
53445216
29492691
7186930
-4390950
-14375482
-29772258
-43511270
-55699887
-70756396
-82793245
-85266483
-84491809
-88466704
-90284608
-83900566
-79368048
-78454475
-71678095
-65187460
-64084796
-55741124
-36404886
-14917310
5548822
25753975
45071074
60133990
69787193
78794465
87151648
92236353
96908862
100556185
101523006
103232923
103192663
95631577
82258025
67352534
52962453
37657277
20832067
8752723
3832175
242330
-4771801
-11264475
-18390636
-22606804
-25619116
-30927291
-37099134
-43496801
-49239330
-53060579
-55946502
-57021404
-56615930
-56960795
-55463684
-52315382
-51005080
-48736954
-47149230
-52590098
-60804036
-66585699
-72983009
-79821177
-82766989
-85038565
-93218699
-102805977
-107595586
-115351835
-133001284
-152145977
-165752559
-178095750
-190127985
-197236141
-202075421
-208591849
-213138279
-217031548
-225132331
-230626926
-228652371
-227347829
-228636112
-223346853
-208554314
-190522980
-170734428
-144628338
-113489836
-82538381
-50905041
-18551223
10200374
39158646
72693874
107564862
141932805
173739059
202651035
229990025
250507775
262564311
272229077
278889470
278894234
275141535
269619948
263668772
259328178
253877372
246747225
237628813
223627645
210143522
200619400
187364255
173600075
169428312
164377566
150334805
142726635
144341217
141252943
136401936
136815984
134492835
123661980
109104806
97784755
92236923
89657268
92065213
100799470
105451033
103891369
102041489
94856385
85946515
85826702
82711390
69047317
60763826
60880432
58183389
52277460
43502216
30001379
18885904
14621218
14834143
17809628
20357700
19252019
12917554
213114
-14826346
-25490161
-33388822
-40493359
-40327335
-35035459
-32810938
-30697786
-30269295
-40333833
-55570083
-64312470
-65299900
-62531834
-59321455
-53145280
-38682509
-25437833
-23998725
-26392110
-28944668
-33845610
-31613322
-22048825
-15825733
-10215317
-2430781
-1494761
-7658906
-12646865
-16722352
-22704769
-26838822
-23120434
-9893363
7278350
22798108
36103278
45963907
48236160
43243875
39357458
42346477
50981493
62414975
70975899
72921368
74994236
81309524
85383057
85851020
85783404
85140045
86446754
87580602
83962611
81558337
80054850
71323555
61068860
55318860
49163776
44137621
43310004
37574243
20829630
743737
-15738326
-30765914
-47387031
-62064490
-68244874
-67217387
-68441209
-76441254
-87605353
-97887648
-104597852
-108039576
-112216164
-114276397
-105854215
-91991318
-85565719
-87582008
-91785439
-95697842
-101599885
-112154498
-122124983
-123073743
-117309751
-112826021
-111588842
-111056022
-108767415
-105816264
-108990345
-120540578
-130657313
-133210713
-131379120
-127179415
-122333401
-117341115
-107813736
-95053301
-87355062
-83365266
-75303831
-64276913
-58582416
-62160367
-67344491
-67198651
-64647682
-58540722
-47664009
-42145317
-44186389
-42278729
-37397666
-39406467
-43519930
-42673279
-40374200
-40519891
-43107375
-42600231
-33756182
-21754034
-12576674
-5071090
-313836
1537244
5411845
8062180
7700595
15254595
30970915
44014268
54341137
64308995
69123582
68540767
67775535
65549425
58765401
51312582
45992762
43006844
47175160
60552681
72901742
76385650
76493737
74276467
63652607
50166237
45579766
48092187
51337344
62127589
82629860
97653833
102816205
108272446
109847114
100413283
92337822
92441532
90867149
88489052
91995787
94978509
93479840
92090000
85872717
67240676
45062005
32082692
24973785
14980343
4386987
-5051493
-20997095
-46242003
-71585769
-89929500
-103032338
-107789080
-100419017
-89384865
-78361947
-62491169
-49935079
-49814626
-52342149
-49794546
-48034243
-47570966
-42599995
-34072965
-29405808
-29541410
-29334300
-34972600
-51574477
-68066863
-80274225
-92698586
-100011465
-98755128
-97247285
-101770746
-107167581
-106628058
-106837682
-113818693
-115656684
-108616176
-104334052
-101428458
-96177905
-97950623
-104347555
-101301018
-90228165
-80321072
-69397943
-52607491
-35436472
-24196922
-13050762
4314810
21467475
29042039
30595233
36478928
47768952
64173291
86612099
105739907
115288793
120171800
119589763
111109683
100686839
89743129
78954601
74272411
73983117
76759427
84411902
90228306
91607891
90758192
83134123
69997945
56236857
39828734
28885314
33832807
44748665
53180317
61828144
67291950
67967067
68634816
70645004
72824979
73967464
74544663
76869326
79070969
79901312
82423936
80913173
67737545
50662376
39688707
35496612
36403451
38524551
38250743
37307159
35131471
25980727
10645840
-3344964
-16108943
-28857604
-32481930
-23108265
-8810150
5137833
18329885
23633969
13164502
-7993143
-31532292
-54150682
-67881414
-65043273
-54062313
-48213125
-44430820
-36061186
-30960858
-35994095
-43918985
-47057350
-48195398
-50244782
-50338053
-48533179
-44124076
-35483441
-32187946
-42892147
-57724001
-65403732
-70885548
-80865350
-91576541
-99604309
-108830965
-119417184
-125882358
-130439172
-138077921
-142336518
-140733936
-144536797
-151467715
-147511693
-137328010
-131422627
-123504347
-108830129
-96708550
-90840556
-83537355
-76577560
-80822384
-88197918
-79806600
-62731729
-52858401
-42918932
-29140083
-21990473
-19699838
-17073611
-18629580
-23279202
-24569166
-21509282
-14469259
-1147596
19610944
37972461
41600584
41015371
51556289
64736211
72871830
81827001
91812100
103269593
118494989
132149015
144010960
157688436
167352011
170119053
173745987
187017298
210503711
229345638
231986439
232354374
242911275
253252483
256557113
258574851
261071158
262169257
262343372
260586170
255602810
247717762
233951597
215507151
200803716
190818751
180044734
166335207
148406617
128366723
112096531
97471517
79016421
60472737
43007190
21021796
1199147
-7213046
-11580296
-21285206
-35945616
-49306114
-55068528
-56823932
-61373821
-64822444
-65959814
-72399563
-81701143
-86330069
-86205453
-81726168
-80577286
-91404252
-102019928
-101671512
-101376752
-108610798
-116052378
-120697676
-126797862
-135473238
-143292281
-145824017
-146049221
-149989820
-155999057
-160117755
-160484771
-157913138
-158090199
-163006082
-166769831
-167328292
-166543569
-160977047
-149218532
-137737876
-130954277
-127681820
-124289380
-118408885
-112957953
-110631151
-107164291
-95841514
-79410391
-69425374
-64369747
-51392054
-34414130
-25767689
-21955897
-15628879
-8291527
127446
10591697
19315087
26697054
37626913
48423450
51510627
52730304
61050564
71349959
76754461
78023027
77155911
75742033
72834077
68286887
68339868
74527105
79066021
81069985
85298198
89467884
90492807
89104054
87073165
86071094
85480584
83660286
84048424
90644412
100929528
109702131
112634995
110622354
107882555
104934120
104215244
110304708
114554597
104332667
88285317
81525126
80053161
74052258
61913267
44910044
26398109
10747982
-3910103
-21338107
-36168282
-46548381
-65556189
-97071830
-121564259
-125984299
-124437969
-132507493
-145290800
-153227268
-157652245
-161530027
-160594665
-153100026
-143324419
-133470361
-126238019
-124736806
-125484729
-122619769
-115778464
-109569366
-109098784
-115367380
-121115940
-122983410
-131050207
-147657049
-161018778
-168256605
-174737942
-176708918
-171755568
-165074420
-155340389
-143776850
-140217008
-142417857
-137596076
-124859870
-114969367
-108292783
-91121167
-62383072
-40646362
-33603752
-31393841
-30272723
-27934080
-19080525
-9132059
-544755
12429430
26234122
36471197
46721251
57979548
68937737
77344371
79194524
79514350
87726725
100676463
110421265
115810695
117884306
119182128
121227631
120373581
118237554
123758640
135533860
143867676
151277073
162251200
169844238
173087399
177323417
181421499
186551499
196745591
207795824
214769801
218864113
222976129
228061968
228408682
222079166
215787123
208697817
200642123
200686889
205606626
205789824
205186212
201863125
186314465
167192056
154582383
141472189
124117645
108703225
99643679
97434614
98578117
99728828
100546525
98339605
92983555
89806463
88047127
84256710
80671856
78052494
74947505
70671775
64459165
55600292
40901648
20771550
1920473
-15967272
-36450629
-55005551
-69501081
-83882482
-97758496
-110241508
-123170438
-136083908
-147651761
-155806066
-159188732
-160035923
-165035839
-179491755
-194815603
-202623024
-212048796
-228744480
-245445754
-260698625
-276258881
-288545182
-299095565
-308619452
-311548432
-308528630
-301522115
-288043064
-267227622
-244235525
-227942827
-215874382
-196203188
-169907766
-144836219
-120984359
-98850438
-76426169
-49103269
-25059085
-11220581
-16411
10104276
12168938
10643885
15057494
24240730
32264672
36650563
38212235
36804191
33314716
30191814
26488148
27849265
40634565
53735758
57316691
58605921
63332200
67993663
70286593
70352996
69000315
67455987
67400505
70252181
73212783
79490558
91886113
94631093
85379211
85936684
97166992
105315787
114024702
125361188
134461936
142945988
148775441
154031084
165904208
179935970
192571599
203855701
209363021
212051102
213578214
207883871
201251688
199351011
189641385
167034034
143507344
128945954
123255743
116768746
103120311
88005405
74193985
55424872
33511765
21223834
17323959
7784754
-5223432
-11135336
-14144327
-17182568
-15732214
-16706850
-25790026
-35706041
-44283844
-54998353
-64888624
-70226711
-75474806
-86157488
-96595146
-100652887
-105920381
-117382350
-124645340
-123137370
-121812124
-122081833
-120448611
-119880176
-119922584
-117972767
-115994743
-112495757
-104356463
-97182271
-95217710
-92601821
-88374748
-85617046
-79797954
-71582904
-69002466
-71047861
-70412481
-65722267
-61156768
-58359897
-55849571
-55259528
-57930689
-59793279
-58890668
-58626024
-58836336
-56411613
-51739962
-43569721
-30529247
-16531720
-4895568
2603633
4971377
5515656
8099219
10394223
10333404
11915375
16117751
21047625
27220049
33325271
35628258
31798954
24227077
17943191
14113523
12266384
15938208
24930530
30101436
31259610
37379338
45908001
48189419
45214195
47582435
57654484
62234909
56704490
52582301
52904668
54018931
59097637
64222035
64328489
68344898
79635709
89047135
94666007
103787986
117014630
121325368
109938324
98358514
100087574
105816571
103753929
95033526
84852222
77884943
74554954
70463134
64057417
56338752
46993834
34482935
19307305
5386089
-6798008
-17155131
-23164115
-29509557
-37055360
-36854993
-33339276
-39650674
-52907394
-65746198
-79049225
-90514281
-97407430
-101053498
-102234077
-101733939
-97131524
-88515149
-84207660
-83679699
-80004016
-78773738
-83103876
-85006030
-81834388
-75011577
-65595023
-57197058
-49732621
-41443799
-33584412
-25636716
-20403304
-24152205
-33192831
-37921893
-35872321
-30822543
-26822318
-24760224
-24251940
-25413508
-28237518
-32702570
-37625737
-42966840
-51417184
-59650910
-62256945
-63225767
-61519242
-53019562
-49835114
-58189148
-65365592
-64712179
-59212484
-51674972
-47380036
-48143017
-49756643
-50798184
-48973181
-42029866
-31602128
-20743055
-17642324
-22716929
-21700903
-9725167
3482603
12661634
18915160
22072462
25766425
34265671
44627823
55088257
64974329
68862248
66103690
66856403
76693328
86499558
89396703
88071894
85541481
84400340
84472772
82982538
81770662
82371895
81762519
79743339
76851915
68760490
53215190
31589390
6266695
-15502875
-29818330
-40552859
-47497964
-48804597
-46963188
-44164672
-43374778
-46292483
-49816102
-50668718
-49348190
-48479300
-45154570
-31478294
-9569993
6677356
13008119
14306386
7920553
-4623900
-15305214
-23409949
-29302933
-30300976
-29077627
-32386640
-39477860
-41621011
-39410849
-45727314
-60092346
-67425036
-67300471
-67996623
-68374992
-67943393
-66818892
-65234613
-71188594
-84591637
-92124419
-90032786
-87042836
-88171950
-89401820
-82747271
-71682613
-70291235
-76240710
-74426204
-63650539
-54612741
-53938239
-56329042
-49618367
-34111490
-25640791
-30998707
-38201850
-34879184
-24872167
-21097580
-21954453
-12972933
3562262
10631773
8697372
9996960
12194302
13581259
22479166
35533551
46472189
61900545
85342031
107861278
123568682
136559905
148225240
155146370
158242192
164018092
175703612
188896933
197973340
199641803
193955848
183191612
171753423
164035974
156752887
146841327
137698682
130665564
125619180
123319684
124408712
126888945
121711948
108370651
103329230
107672071
106213628
103234274
104664122
99148027
86545178
75409507
63271397
46289295
25842028
4233182
-21255703
-52790347
-79470756
-95717268
-113729331
-136027178
-153330851
-168446588
-184958040
-196982270
-205791786
-216554336
-226644729
-230809243
-229771836
-228851376
-224857690
-213147444
-204103995
-202352993
-194588165
-179015886
-165691130
-150855247
-129237132
-104370290
-75852948
-45410247
-18881937
5259464
30777693
53943918
69767395
82990605
102035207
122824766
134874696
141067725
147359346
147771555
139611903
126591462
108828416
89989448
75551769
61936803
45308984
32850403
28105156
22544519
15009058
10870053
7959043
4440757
539107
-5969424
-10325636
-7853667
-5067425
-2958736
2925409
11127064
22626416
33753019
36843155
37341295
39396318
38823584
36805644
34707659
34778974
43179344
53324470
55327836
54013272
50682047
41482023
29039269
14156031
2209939
2433461
7631086
7345150
6387577
8459685
10635624
12927627
12462339
7318337
6668235
16163051
27858361
36259757
45608046
57605562
67253131
70437065
69013317
68425011
70397989
73498392
76196851
75490406
73529477
75809942
75824146
62973170
46742982
42172271
41314798
33195462
24369695
18661454
10642140
530738
-9304157
-22375286
-38524166
-51242713
-59997277
-69319573
-74770878
-67548702
-55536357
-51765041
-50704356
-47945347
-51921224
-59852572
-60878322
-58219392
-59005262
-58925106
-53466550
-47848296
-44896161
-39109714
-35211426
-44141453
-58929231
-69082495
-77000267
-82392872
-83359973
-84710838
-85605903
-82021969
-78394039
-76125739
-70799701
-63795925
-59404848
-59026170
-58898093
-53635692
-46304801
-43642746
-43413762
-41665497
-39008519
-34870782
-32694636
-35930930
-38507334
-39011786
-42705974
-48058824
-54334219
-62607405
-65128902
-57965289
-47940527
-37667983
-25128949
-11343265
-804640
3252098
6282645
15048432
25051229
28588443
27412358
28213616
32235367
35077672
34645188
32221847
28972779
25969094
22025942
16301372
14258360
19996893
28334606
31733768
32466604
40499743
55147367
67155974
77684094
90915023
100314050
102602296
104001937
107349602
111767683
116561441
120293323
120136047
113211055
102406048
94052048
88913468
83616238
76975226
70607879
66637713
64604005
60460263
51549067
39698122
27791061
16020356
3695336
-7041923
-13242851
-14942338
-16171974
-22067186
-31914892
-41742464
-52032830
-62169795
-69662778
-75845819
-81105113
-84619928
-86746805
-87631933
-90799611
-94650048
-90813197
-85028194
-87792421
-91716127
-90683104
-91394034
-94933227
-101751566
-114234470
-125205233
-129423290
-131114284
-136357879
-145092512
-150033017
-152694329
-162901309
-175506652
-179225816
-180339679
-187550584
-192973266
-188149928
-179847986
-177733348
-178487465
-176500789
-175142431
-176129391
-178588826
-181009014
-176668811
-167008369
-164033786
-167447122
-165265343
-154492686
-144511354
-142495224
-139550803
-127388066
-116529362
-110014018
-95856236
-75183358
-55050476
-35950596
-21286618
-5710168
23814570
58226841
81809501
104925296
137643877
169082636
193594376
219205211
251868423
285869806
309829986
323283588
336299399
352945682
369302133
379335175
379600485
378623847
383497668
381913674
368837902
360102213
356840299
342180967
315460187
287784696
260364383
235657580
218282324
200979414
178851049
158199707
138445785
113239988
86846712
68123915
56856198
44034690
28521976
21947897
24954203
25140467
20594877
15670338
7737785
-3234403
-13357705
-22933017
-29231097
-25775468
-16316542
-13622649
-20176098
-26266754
-31290832
-40328537
-50257393
-59122590
-65772689
-67642724
-67942906
-69276820
-71876277
-76545497
-79044613
-80988951
-90948097
-102850008
-107853387
-111659738
-116864192
-120278534
-124045956
-126049944
-121059618
-113315653
-106688241
-95493514
-76305215
-57586512
-50179332
-47684181
-35433060
-17456730
-7235695
-3562410
2382918
11424271
23531153
36963365
42146890
39561148
39331215
39259505
32808194
27853015
33571477
41944845
41018407
34626972
34084352
37051656
32565389
23171836
18145765
18076388
22329104
29570798
34463284
37717064
42240765
46093176
50846849
57216951
62702724
70947879
82853238
95573044
113967293
138612275
157696515
164311361
164128267
165038366
167093344
164923830
162148418
161685277
153406903
137014358
122306030
107898812
89691751
69224630
46870815
22497555
-1110179
-20767996
-38931124
-60610898
-82208314
-98490449
-116292624
-139128336
-155138504
-159239879
-161884395
-169170991
-173970955
-172073243
-169810818
-168402163
-165090410
-164690395
-165743453
-158681231
-148408411
-147697171
-152693454
-151618560
-148122252
-152796811
-162085722
-166333402
-165614742
-162844218
-158640721
-156613497
-156815544
-155404523
-155564705
-158801248
-157065057
-146056418
-130468787
-116161765
-105332445
-94607995
-79753703
-64091878
-55381351
-56306524
-58853702
-52719127
-40513786
-26918192
-9006041
7115438
13941211
20466599
34773447
52753230
71409113
88422290
98095037
100251120
99527415
99554931
101828306
104607034
104571408
101347678
101974156
111166376
119355795
117490730
109552230
98855747
83404644
67573464
59011590
58355528
63659975
75050720
88618284
95396589
96550830
103781079
114058967
115675519
115340846
122998963
130237917
128607383
122777652
115057610
102522162
89810001
83837331
80266312
71240801
59413024
48764711
33600909
11162331
-12069543
-35316171
-61538639
-81534794
-86921910
-84917395
-81099335
-72375221
-64330117
-67197243
-74904613
-76276056
-75126281
-75831176
-73084873
-66332582
-59751002
-50989821
-37907290
-24848523
-14495384
-7450321
-4177851
-3632128
-5734409
-9071747
-12646378
-15488004
-11520673
-2954809
-1588717
-5085335
-3619663
-414402
-839105
-5788379
-15345341
-22042001
-19858987
-14465251
-10194921
-6686069
-5397049
-11091212
-30842432
-56314317
-66125329
-61715599
-60173451
-60489092
-56653547
-52546341
-49613791
-50100422
-58716625
-71998631
-83689663
-90463072
-89897221
-82846748
-67489912
-43886551
-26329083
-22169473
-19058819
-11258533
-6208073
-5684065
-5968138
-4821709
-249172
7220524
16421313
28968291
43574536
54224659
55136875
47541940
41709402
42898276
43748415
40255105
40238409
47378407
55438533
64036795
78858461
95796594
105281202
105165297
97901589
89686662
86381131
81467335
67802429
52613943
39851242
22934480
1101550
-22652985
-46141913
-65965024
-87057538
-114721237
-139713366
-155282563
-167517497
-178038650
-180893979
-175498689
-167881057
-161600433
-151829877
-135353474
-118356144
-102597784
-86423761
-74283770
-60959509
-36773942
-13945148
-6620062
-5635152
-3595460
-3484277
-1047801
4840378
7204920
6080671
5569893
5475989
6923608
12625057
20031008
21670729
17515862
19424599
29801158
37991962
42856393
47228948
48682434
52171425
62692619
73500587
77594552
75615749
69312322
59389312
49401081
42120866
34900609
26291604
20133802
18385771
20731666
27492935
34604955
37542551
37794405
35652950
30587503
29628567
35781902
40447880
40725091
45308598
58013096
70623555
79849578
91541189
101455403
100851500
95225248
92713762
90121899
87240391
92075990
100866816
102750981
102650505
110221340
119134662
120428028
118376829
115572848
107283377
97921106
96106577
100291719
102828684
99103537
88367362
69914792
45530887
23167909
7360273
-8858387
-29254326
-46555420
-57170570
-64283861
-70311942
-78901776
-95211014
-118407279
-138369464
-146388825
-144485719
-135297350
-121117869
-111484232
-108403385
-103566541
-96601357
-93507256
-96249036
-101829751
-103628598
-97944290
-88001403
-78018180
-70919369
-67767313
-65748812
-66727374
-72810083
-74085349
-68567296
-67858533
-71606924
-72454687
-71451090
-69807892
-67944924
-68462666
-68582442
-66327646
-65995373
-65373810
-59606668
-49964650
-36375936
-22082732
-14001796
-10445784
-8012874
-6931565
-5320550
-2748277
2697113
14032454
23757717
27944143
36976045
49508868
52945442
49357619
44194511
35983918
32896618
41922831
51378810
52639915
54651016
60265454
57209101
46699605
44745366
48890231
42661435
28290567
21157740
20494342
17704844
17372451
22115721
24877083
27868213
37659560
48360765
56162327
68530602
82430730
88181474
91389611
100713674
109467076
108363137
103776913
105236702
108404163
103487231
91212729
79482413
66704081
47784328
26377302
4237011
-20223630
-42663998
-60146349
-74408667
-83178653
-83881344
-79082055
-70696017
-62381777
-58336691
-55721613
-51053196
-44785232
-37426047
-29702977
-21534622
-11170204
-1064131
3731064
4273102
6492594
10135291
7885190
-2545361
-15194352
-22916924
-24533651
-27922313
-39096395
-52249686
-58692803
-59187792
-61614753
-67589766
-70889092
-70254932
-71522168
-75045194
-76243366
-75601511
-72295569
-64971783
-60171629
-59409534
-54939433
-44446014
-33043321
-24717034
-19939370
-15993876
-11851674
-9253104
-3264456
7222457
12315558
11702585
9986547
3544861
-3147364
-1681926
4022361
6664220
3115707
-1959902
-137009
5358533
9492175
15629547
19082916
17318266
21758363
32861489
42387127
50271325
55449788
58845551
65272660
73615332
82420443
89542217
92626379
96854857
102932458
105183741
106123241
108185448
105815728
97236519
85670844
74883787
65481284
52429719
35635201
18910270
1889494
-13608436
-25713458
-37604683
-51410733
-69344283
-92057511
-112573686
-123178620
-122687374
-116025915
-109054126
-101907718
-92424514
-81977990
-72203564
-66236092
-66469238
-68229363
-68643360
-70409854
-70594593
-61880127
-50202818
-51033375
-63927624
-76538676
-86512826
-97766541
-110616128
-123652653
-134940222
-142507793
-146541381
-150005474
-155612197
-157479460
-150827314
-150074467
-161022349
-163658981
-151535805
-136669758
-118664573
-95578297
-76986195
-66443893
-59005753
-49012135
-34946988
-20416873
-7210903
835235
2083747
7329691
19838378
28381376
31735804
35852930
36550657
33186861
36216127
47040826
56180717
61179967
64521677
64092466
63065890
68343214
74293625
75732460
81206235
92021109
97302223
94372908
90746368
90271005
88143972
85728888
93635364
108947945
123505540
142643771
161992008
170671294
179878361
196959818
208805128
214421022
223815873
234580444
240223985
241198567
238759008
228290618
207093338
183847331
162374905
134880546
108103858
95232095
84092267
59829771
31829763
8523926
-15446137
-39886549
-59961166
-75862930
-87207253
-91317586
-87119086
-78623597
-71029803
-61996446
-50740729
-44650212
-41287527
-32200291
-24273302
-22684008
-17992752
-7303003
2168471
5366100
6676165
13429109
17048818
6566219
-7971086
-17326001
-27772702
-40158728
-49941794
-55206144
-51077601
-42158075
-43652966
-56482378
-67460322
-71611786
-75746720
-80748200
-78329844
-68758342
-57950769
-47332262
-41312059
-40714645
-37077018
-30371365
-29204442
-33249344
-36725489
-35542259
-27293950
-15359969
-3977872
3801916
4868609
499166
-8001455
-17600635
-20439160
-18794599
-23665674
-34786091
-43993043
-48063450
-44383936
-35160139
-30146027
-30419567
-31890454
-34547570
-36016065
-32483278
-24384411
-14992576
-5326596
4521500
13088682
20832540
28993795
36659129
42784461
47161091
49655466
53391057
61060935
67467229
69909727
75461614
87427779
100321809
110951955
122565199
133965002
137627639
136520038
141445037
148457487
145572864
134067035
122712860
116234036
113806886
108706664
94449216
74973707
59452332
48839958
39362546
31296316
24083440
14886877
6776388
3026929
1859756
5574614
14874733
20109259
16142933
11470475
12452365
13566654
11148074
7509097
-461369
-11344047
-12914283
-7430666
-11510394
-24593515
-34884407
-44481098
-59052525
-72348894
-78933521
-83041482
-89422203
-100829691
-115056384
-123615381
-124652601
-124192900
-124331595
-123887138
-123500360
-124069797
-124985503
-122577502
-114770710
-107273951
-103546562
-99567664
-91212500
-76739855
-62633416
-57598712
-56912853
-51387758
-41239114
-31665489
-25798018
-18860596
-5597923
6342442
11945522
19994743
34946251
52469495
70299533
87496228
101019571
111645057
124715799
138569928
145875714
150462661
161072146
174355665
185954641
197470616
206188759
210166812
212713817
213824622
212138389
212858418
218483909
218592299
209866790
204870646
204164350
197179060
187898766
181180400
167956724
147546440
127149594
103473406
73396949
42715537
15248831
-13900762
-47455208
-76470182
-98073891
-124460964
-157091061
-182737326
-199328018
-213856572
-226133414
-233490807
-234991896
-229706116
-220523694
-212925476
-209112948
-206645757
-200130742
-188573578
-179221192
-172867751
-160446215
-145430555
-141043403
-143392486
-141131387
-140562940
-150056025
-161741550
-168142133
-170150848
-168702171
-165962301
-164555452
-163951806
-162395938
-161088786
-165635009
-175268507
-178601502
-174360016
-173793179
-172249245
-156446230
-135778931
-126401729
-124809669
-120581015
-113817710
-110524285
-108170799
-99256651
-85130451
-66484635
-37665440
-4133042
23014269
46834257
71265826
88509554
97301295
109701133
131292145
154330835
174494847
194275946
209035867
213723020
216112749
221659438
223981457
219319151
213338105
212895981
216793417
220182702
224013496
229926860
234122819
234044386
230817584
225382502
221077372
222217930
228200882
234133888
232260352
219932226
208984292
208349296
206136276
193226967
178877409
165903070
150546715
137085002
123989443
108758635
97936995
87603698
67141964
41111208
20994174
9797226
-2357212
-25994887
-50850367
-65327756
-76478211
-87449651
-97200188
-110087788
-122607266
-131555667
-140849479
-148309492
-153654914
-160915546
-167745499
-174282308
-181365944
-183134933
-181196169
-183530279
-191416494
-202133955
-211488351
-216491909
-215799870
-209040983
-202885242
-200805476
-194761109
-186021371
-184694919
-187017780
-188436801
-193670632
-197724411
-192779010
-181055931
-163329163
-142272279
-126685332
-116834333
-104110904
-87788417
-77573259
-75130271
-67002996
-46149026
-22897769
-1328978
22096510
37155171
40311982
45675789
54188017
57722802
62243445
71228176
75144585
75857816
84613005
97447864
101663082
97527009
97268629
101984663
103876082
108350900
118521849
124310614
125784456
130515061
135644147
140235306
150381610
160199581
162547041
164412878
170990205
176290821
173112750
166108567
163595218
164136585
166377206
171852658
175495032
172976014
168618741
162387487
147760045
129670859
116205993
100834254
78322632
59710982
52673418
45054186
28163483
10144835
-3663921
-16097031
-28982121
-40741116
-50965977
-60111437
-66215860
-70764777
-76161002
-77686415
-73715848
-72371985
-77338786
-80617476
-77121950
-73395274
-73011890
-70481235
-63733887
-57912063
-56268919
-57415032
-60151549
-61702671
-59819507
-58650735
-62780775
-67662001
-65532639
-62215483
-65663698
-66083728
-61724284
-71030848
-93467556
-107826835
-111539349
-116313591
-120537088
-119113072
-117041346
-116279624
-111274875
-103299790
-99979298
-97387716
-89284415
-84876839
-86830238
-80127383
-63657931
-52404578
-46629458
-38416395
-33467207
-35978439
-36779063
-31766141
-26769234
-25104424
-24969936
-24328193
-23275641
-21427950
-17321691
-13273729
-13861318
-17990375
-22785374
-29807338
-32499243
-22463999
-9772339
-4459540
-616104
7692273
16866443
21972618
25508073
32451147
40267499
43964779
48706722
58486043
69718362
85993012
103972351
110552631
112795037
124720601
137584238
139778773
139068333
142695868
144219945
136440082
121519212
109314520
102034005
94279065
85427487
74087234
59475186
46903428
34015032
13228248
-6120205
-12379038
-14614442
-22729925
-31739069
-32699845
-24385786
-16485071
-15912015
-16882831
-14815148
-13201772
-13856463
-16106073
-17675871
-16056054
-16038932
-22564421
-31891840
-37665519
-37685258
-37914575
-46023471
-57973854
-63370978
-63992925
-68797417
-75195143
-77843162
-79887440
-82967576
-84827129
-85820850
-86994507
-85922896
-81378749
-76879605
-75389959
-74953699
-69103782
-55188343
-41419419
-37985766
-41905020
-40521553
-32096892
-25683328
-23802845
-23037572
-19415523
-9514892
2114178
8996894
16635541
30154465
40453510
40810789
39396201
43845334
49277801
51761126
56177343
63927915
72295219
83183008
94336790
97165538
94461218
95172555
97315205
97381528
98995800
102593132
105738871
113386986
127786383
138948279
141205914
142060251
145754701
146843899
145422895
145931457
143899804
136349468
128431782
121424268
111731938
97713631
80330682
61989002
46344912
34315468
21568291
3573787
-17961668
-37493482
-56686021
-78817553
-96242951
-105743247
-115739532
-126751405
-133125612
-136074864
-138288320
-142508912
-153058758
-164524392
-165590683
-158420338
-153280032
-150302701
-142676567
-132285058
-128811424
-130631678
-127375035
-120952410
-118619079
-120247530
-122118977
-117718833
-107894516
-105599572
-113436837
-118674664
-116930346
-116725570
-122686185
-127993401
-124720794
-118359114
-118429296
-121094667
-117735105
-107414673
-94484263
-83319941
-73588825
-61910440
-47567359
-35614470
-29910838
-23762577
-11575182
-878501
386558
-681434
5212963
13745014
18011111
20536556
24986965
28015548
31056803
38585819
43870561
44096394
47588512
53560236
55012527
57372399
68064353
81052325
92568196
107069975
120988489
127082765
126840181
124267544
121656153
123543593
128413855
128947883
126548394
127813833
135382021
147347834
158571587
165887950
168333271
165630655
163876678
169067235
177023710
182725455
184675738
179537929
168815096
159098573
150594348
138390333
119778341
96650790
76901705
64823367
53112157
37971625
24469021
12830590
622801
-9138783
-15369735
-19350648
-20891410
-23852568
-28380500
-26948830
-20509197
-18010649
-21096046
-28194555
-40308750
-51446353
-56549088
-63001244
-72633937
-76702770
-77106252
-85237828
-98054535
-100474546
-92958994
-89516015
-92972038
-96340689
-100335087
-107398764
-110958147
-111107837
-116194486
-123487262
-125642918
-126007878
-129241978
-130125488
-126533889
-126918364
-133852173
-141856533
-147926800
-149961232
-147354207
-144384488
-141509391
-134254347
-123462072
-111405419
-100067177
-92832447
-86101992
-77678838
-72284341
-66619901
-56347503
-45497361
-34299575
-21427198
-9379230
3567818
16530572
23539761
26943234
30012766
29314257
27991376
33344397
44549372
59190449
75990185
90579757
102662202
115262147
125575408
131595283
138766315
150479817
161755126
168684358
176441925
189162888
200822676
206427909
210528448
214404962
213871116
210224905
204953817
195843246
183238082
172688601
169191717
165954605
154187230
140337877
130095328
114629121
90931201
66752437
43979954
22053131
584409
-22237715
-42225994
-57965605
-73171827
-88914437
-108022544
-125954497
-130775814
-128541091
-131374572
-131020337
-124159596
-122784591
-125293835
-123031018
-115850819
-105758124
-97828627
-95082562
-92014931
-84985643
-77361366
-72878871
-72008166
-74471404
-82871944
-94226367
-95986036
-88668303
-85223174
-87030370
-91707367
-98642638
-99076797
-89887458
-81521039
-78979267
-77272536
-74979779
-74633211
-73001847
-63913735
-53261872
-51144754
-51545315
-46021613
-38272150
-30719501
-20662431
-9381541
-245210
5940459
9196211
9332914
7831488
8095949
10444941
13461283
18539760
23908971
29544039
38113794
44349608
48718412
57456920
63614985
65003659
74490161
89826984
100841772
113859506
129660842
139418188
145565470
154181374
164965382
174176634
180521606
187102167
191566284
189832190
187476599
185130683
174689631
161323045
152353653
140283598
123857492
111373871
100843919
84487040
63304773
41299819
19585791
1300390
-14052332
-31930014
-49905091
-59623714
-62391492
-65789063
-69547159
-72352724
-77311664
-82932550
-84584103
-81096540
-76601986
-75235394
-77403766
-83490766
-90604578
-91860512
-88537933
-90135970
-95125668
-95163873
-93658468
-93815702
-92236397
-91483165
-94427139
-95960224
-92697483
-88520491
-83386283
-72595594
-59707214
-54592845
-57515130
-59769890
-61339865
-67859556
-79019497
-89808248
-92705851
-86265894
-77757547
-72139366
-65267630
-52456505
-41915910
-42229511
-44550057
-38298364
-28442283
-19685069
-9301221
1244842
13664852
29163320
38072810
37489607
34814229
31789009
27140397
24209388
27642386
37022183
45585414
50357810
56372109
64489148
71116651
79446745
90806036
100761911
110941515
123311271
134409791
142644756
148602391
153124246
155326853
153906858
154316458
157840613
154367257
143554821
134745000
123982459
105105294
85324121
67272551
45646692
21472663
-1461714
-24707956
-50527089
-74192958
-92041383
-111247602
-135106796
-152249557
-159797985
-168631506
-175384756
-172313998
-171880279
-180333240
-183126412
-176174397
-168432109
-160639654
-154031446
-154196253
-155398439
-149459819
-138265994
-128058599
-122432973
-115813984
-104718976
-97653297
-93971723
-84052234
-74916997
-73566182
-68100350
-53639561
-35567436
-14574023
4071988
15976418
25628012
33188189
39049915
46497064
48453282
44899681
49998012
63075741
76727497
91989396
101051861
98423336
95608332
99760142
106604000
111782658
113998750
117102926
122364657
125821718
132846234
146786543
158097735
164452740
169568877
173247364
178864778
187140805
191787762
189690217
181732719
174226506
174758602
177838530
176623588
176489925
178468281
177879483
175015991
170946986
166446128
158914735
145842597
133261928
122462140
112519377
113353340
121860885
122959999
119243067
116472873
111247421
103679308
93081379
79497474
66683698
51618510
33453992
16278900
495501
-10039765
-19909318
-41384423
-65610505
-82710465
-101075590
-118580599
-130351956
-144203973
-159581549
-172504313
-184666418
-190556903
-186342858
-176644752
-162647299
-146517371
-133052530
-122864276
-117395750
-116193224
-114157014
-110656268
-108612285
-107659444
-103667723
-95634337
-87132138
-78246279
-70494740
-70613393
-79477384
-91153806
-99371065
-101294289
-99963151
-96418090
-89376822
-84958391
-85207045
-82577393
-76952087
-72729544
-71295507
-75197862
-79542044
-76461753
-71445209
-70132932
-70677784
-74423884
-78633420
-79964239
-82829968
-84170817
-77719090
-70279761
-68938093
-71139224
-73216380
-73767590
-73730511
-74140422
-73331000
-71771151
-69648124
-64210430
-60498731
-63786443
-64660003
-57748824
-52008611
-48261762
-38901256
-25206052
-13939677
-7477383
-2111486
7199598
16686875
20121186
23617252
33695185
46715089
58329419
67030348
70561430
65936272
56769794
51513264
50926655
52983842
61015245
71943079
76775895
78738170
83918582
87737248
88193725
88302463
89140248
88391384
84820173
85281251
91311096
93691470
91493352
89868805
85497471
76986315
70462958
66810127
64038495
63380198
62490765
54622127
41453802
32856940
27672251
20786952
16965215
14223519
6439589
122148
-3294965
-13916477
-28705705
-36062219
-37953411
-43396577
-51149126
-50396743
-40898181
-33611167
-29811861
-26041301
-23286316
-19889322
-18162403
-26104105
-38430271
-41065769
-37276297
-40578555
-47443267
-47632434
-47171452
-51648370
-54172713
-55289684
-58402677
-58073797
-56079660
-56798365
-53947319
-44852576
-32976188
-20085858
-8809043
1157460
9612743
14277744
21439865
33478601
41504431
48222468
61049289
71669602
75093320
78172655
84202680
92543998
100132187
104926774
109478108
114812912
122764572
135461055
148566130
157380258
162463262
166152744
170476744
173467042
173246694
173416242
172129726
166100691
157969126
144950932
129371776
120809423
113008261
94354128
68820472
46409434
30005702
14059919
-5869792
-22379778
-32315115
-44192798
-55675941
-61267886
-67455030
-74023346
-78540102
-89214338
-103687732
-108947655
-104768486
-100403375
-100752804
-102118173
-98902571
-95592790
-97239120
-97883891
-96063811
-98792202
-101898724
-98665816
-97284265
-102520932
-106865856
-109508760
-118229285
-132907676
-147434698
-161266652
-173107007
-180069347
-184598472
-188590127
-189597151
-186465413
-183349020
-181937691
-176623243
-166502121
-158781525
-153261117
-143155244
-130172747
-115016258
-96158184
-83329755
-78625782
-70213317
-57546256
-47322341
-36468393
-21122115
-4331936
10464821
21414633
30707363
43094564
56596188
69346856
84541405
100319774
114533238
132261528
154797250
174890918
189470943
203226474
218036706
231100920
243329767
260801007
280866016
292641306
300111833
312400703
320857318
319997704
316880148
309927365
297390258
287432034
278526432
261896234
239838010
216356100
191771687
169951606
151599307
133370080
114514735
92950929
67402882
41990054
20894444
4308226
-13025037
-35035510
-56255415
-71985217
-84251927
-91153554
-93122597
-100790680
-115637588
-129025638
-141065492
-150221711
-150541743
-148902307
-152614311
-156359549
-157993242
-160910342
-164384582
-167437475
-168461892
-167220865
-169120937
-173972722
-175486710
-173870748
-173556102
-176569082
-183375264
-189550979
-188409535
-180056995
-169679087
-162275209
-156338393
-147894733
-144252737
-150942048
-155626941
-150097783
-141527881
-132574820
-122686416
-115218552
-105752211
-90466989
-80107041
-81718319
-85267285
-81045570
-73925813
-72990012
-73903961
-67361277
-58194594
-52000919
-45485186
-41827047
-43778968
-42679892
-36998964
-34081395
-27301237
-9663483
7644187
18376354
29895897
46204786
63658471
78292437
91043291
103025966
112948569
124465709
141649334
157083327
166274077
175883028
183348968
184386068
184330808
181253074
170545900
156250958
142067117
127987282
113737813
99537689
86457882
73093551
57114542
41409008
28985957
19425577
10858161
-1201624
-15253001
-22264839
-20398493
-15634693
-12710534
-11346293
-8174917
-4232897
-4627454
-7500956
-3120316
9170755
16824887
15368777
14105569
17141441
20127099
20483079
17562954
12800757
9917139
8285908
3577842
-4683066
-11884828
-14467539
-19498084
-34078032
-48094533
-54422165
-61744851
-71406720
-76865149
-81802151
-89660576
-94535393
-95005797
-92415402
-83480663
-69233746
-56205147
-48855484
-45909754
-43020527
-40116835
-38187187
-34458110
-30367609
-29781106
-25968597
-12971515
2125224
14873955
24790274
27014891
23941429
25720281
35179469
47628363
59446723
70599489
81439716
91302109
101791201
114718077
126519109
134208660
141426729
148768784
153112650
156376863
161095062
166154327
168186491
165147272
161779929
161072225
156892039
145880578
132985213
121780973
109791724
92431682
68656550
45435865
27148811
7772330
-15209046
-38713537
-61560364
-81332483
-98391556
-116307457
-132949227
-146748328
-160238770
-171487280
-177272516
-177670418
-172979734
-167443083
-164320897
-157231769
-145102683
-136294407
-131358184
-125891771
-120373266
-115329120
-109395950
-100754546
-90099849
-82680395
-79868434
-80435515
-87355827
-97439766
-103139005
-107301364
-112870049
-114572021
-113295240
-113096030
-110777446
-105315624
-101290709
-101153010
-102083743
-101686333
-102078866
-97869803
-80331676
-61132774
-53796616
-47134296
-34648253
-25598752
-16509713
-3390698
4381969
8540449
19902942
36424175
48519176
56325233
67328240
78403180
82083298
84463906
89705251
91710565
94361617
102936603
111010041
120831103
141159604
165020533
181291048
192779768
206815868
222870182
237272121
248230087
255850970
267067411
284479714
296373899
302023532
313222861
324428216
325684108
321826994
315796736
305632505
293260187
278836299
258758679
232223748
205927445
185399371
164470464
139830399
117429835
93246384
59567849
20275194
-20463065
-60709650
-95703925
-123348618
-144753346
-163345335
-180158636
-191109630
-198759299
-208203800
-214367645
-212469304
-206342007
-200517884
-195595049
-188495617
-177164182
-166245069
-158026408
-151032644
-149409313
-151489821
-148607258
-141778439
-137027788
-136558573
-141969907
-153132816
-165404117
-172720268
-172877219
-172435890
-177603991
-181268035
-179427761
-177486836
-172000363
-160298058
-149882051
-142000353
-131207040
-119999575
-112771923
-104294736
-91597769
-82572750
-79817550
-72162568
-55954618
-41916452
-33892583
-28065055
-23560299
-19671131
-15606066
-11229529
-5825152
1785821
13767400
29120848
40336700
43984151
44802719
46291156
49788809
53638233
55948357
62472697
76513530
90479092
99594271
104068262
101365714
95778983
93166726
87885435
81151291
86098866
101090445
112668713
119361173
124359285
127417191
129145303
126770098
121496840
120186822
122713163
125149358
124006765
117385719
110941288
107040711
96293672
77652950
59374940
39240326
18263403
4515858
-7408914
-23443034
-37255625
-47434779
-58671816
-67278384
-67467816
-64546006
-65598389
-66991599
-65017825
-63543686
-62261572
-56801896
-50989456
-49792817
-48217908
-43958742
-42320276
-43627039
-45544029
-49232442
-55128164
-60033775
-62032099
-63451938
-67043347
-73822264
-83518332
-95460344
-108349869
-120316624
-130520751
-139139305
-146675141
-152872116
-157987574
-163927857
-169627509
-172341732
-174519796
-180626452
-185939184
-183827278
-178444780
-171906124
-159543636
-143433391
-130616833
-120729003
-110176282
-102180632
-96537833
-86432103
-73855558
-67277325
-64126618
-55402866
-44590568
-38224195
-30915899
-20520298
-16424462
-19736342
-19131481
-14387979
-13594285
-13313526
-11508269
-15465975
-23091874
-23852253
-16646941
-7731976
1610236
12894103
24080673
32018637
38440125
48800553
62399942
72795675
80826362
96089243
120705052
146494482
169545133
189593705
205406761
219433284
232879785
244828822
259758085
280051246
299945374
310446700
307958679
303365436
303813425
297371531
283560084
279403844
281718706
275442195
262419093
247520163
232062879
218931502
204332100
185032343
166986106
155039524
148403588
145880375
146432348
147237193
143062952
129145283
108950890
93037869
87176682
86970393
84185037
75541912
63066909
48693098
34667325
23182685
12273406
-1610142
-18266322
-32864379
-42277441
-49938183
-56805911
-60566128
-66725503
-77544978
-84451814
-86737029
-90779389
-95498485
-102611775
-113472718
-116859751
-110922306
-104348634
-97039161
-90742838
-87097665
-79357350
-73640326
-78800600
-80498746
-72506811
-71142631
-78003874
-78728104
-67396578
-50908447
-42032015
-42280941
-43851463
-46406117
-47475490
-42647548
-37886402
-30663387
-13027003
1992391
6217876
14818690
32220140
47551166
56524542
60960178
65413816
71973178
77945525
83361079
87958497
90368947
90636190
84840597
71714918
58707918
47894567
34950054
21870258
11486585
154453
-15113997
-30861275
-41847301
-50916343
-66369798
-86973611
-105757865
-121477054
-131966430
-136477705
-141786060
-149668681
-154545618
-156169275
-158028327
-157617155
-153547008
-150096918
-149440661
-149421061
-144662300
-135533399
-128274157
-122887821
-117885560
-114922180
-112652019
-108658168
-103581111
-100339520
-103619525
-111720800
-116101258
-118269481
-119333220
-112410847
-105017206
-104157441
-100059546
-92030987
-87241427
-80698700
-70823675
-66877980
-66635318
-58815886
-43831300
-30554989
-19237398
-4657604
6069633
8058190
15187605
31176088
40383077
41492144
47658242
56877902
61956659
70791439
84647982
90908551
94562553
108769759
123426261
128364361
131834293
137645662
143117078
148444505
151511545
154705935
163724682
173669423
179162729
181226522
180368652
182693860
190887133
192274243
184338321
183074320
191691406
194994334
186436961
175187399
172153033
174433242
167292851
152651912
145260995
143014792
135728376
119795572
96675252
78158984
67554905
45824965
12993698
-8043300
-17747220
-29464285
-45529077
-66126567
-85574459
-97324474
-108296344
-123774058
-135925540
-140008181
-143859800
-154643281
-163598766
-160768960
-154623603
-154174574
-156903163
-159996566
-158978765
-151324113
-145474609
-149436723
-158319157
-162253693
-160767471
-160762720
-162518260
-161023964
-157780641
-154747960
-151392689
-152371198
-155598667
-152934237
-150185582
-153474497
-154119373
-149517055
-147907310
-147800686
-142969258
-135058157
-124300154
-110699792
-101649085
-99575952
-96502440
-88956896
-81747033
-75249651
-64722884
-54417045
-52377320
-51807929
-42404428
-29093439
-17748341
-3706442
13397994
29756489
51639447
85058799
119135304
143509685
167811821
196782216
218400859
235749879
261509572
289965659
316487733
344428269
365557775
375127221
379900619
381819851
380457621
372284568
353634680
335281917
320490620
296290170
265603074
239552699
216092425
193160654
168026535
136310756
105801372
80302915
53865649
27145493
-1465591
-31707826
-51877912
-63583832
-81109042
-101589531
-111720233
-113117473
-118955697
-131394988
-139040464
-138934882
-138908361
-139768375
-139552786
-138808939
-135879570
-133835638
-135369211
-136782032
-135506145
-129099300
-122437783
-125286470
-130180608
-128468100
-128258313
-131723533
-135165509
-141407732
-145793944
-143692870
-142396982
-142013788
-138730042
-136332950
-135621202
-135490769
-131752738
-117300364
-98467852
-86422402
-81324982
-77566029
-68792351
-55403914
-46536921
-41560886
-29004551
-9349667
9441747
25879231
41731422
59679484
76272528
82981425
81163340
82373738
92959221
105629861
111633272
114912679
122802650
129357204
125096606
115494461
110946795
112582825
116913262
120600643
119725113
115541379
118234164
128205253
130031738
121148535
118221977
126319574
130577200
125559164
122649773
123827557
119072799
108065362
96572333
82793789
68440335
58555795
45377637
25696287
13408655
10376865
2110771
-12681146
-23039631
-29665327
-40960341
-57063336
-72713780
-83613961
-91610248
-102578998
-112885625
-112573609
-102318035
-94946806
-97102737
-101420091
-102133544
-101746591
-100524425
-94446899
-84684803
-77474067
-74514416
-71538265
-63597664
-53364121
-49943984
-54683681
-61368231
-66038120
-69302455
-73737608
-79277233
-84349971
-89144151
-92118735
-91504536
-90000615
-88334393
-84385789
-80910256
-78308013
-71359221
-63366502
-60936265
-60610411
-56734881
-49125851
-41510987
-37949317
-40013965
-47854079
-57059636
-56944008
-46638687
-39123443
-35070871
-22084071
-3887614
7059259
13505215
22727226
33130905
43227700
54865230
64658160
73467426
92333937
116078977
125977119
127463813
135667973
142097840
138179591
135235066
140013020
146157682
151040811
156348757
161420664
165569305
170525066
175110360
173920796
170054712
169792341
167480515
159330530
151912804
146892391
138793378
127408487
116447173
105735220
94779839
80220112
57707474
34010184
16654260
264295
-18968343
-33710893
-43364965
-55568121
-71240085
-91127770
-115743169
-137309576
-149888042
-158017482
-169889779
-182449232
-185323929
-182479708
-184428509
-188382149
-189793304
-191730048
-195153510
-198314649
-198975718
-194476689
-186914705
-180801300
-178060943
-177577660
-173397914
-163564216
-157411156
-158041905
-156425041
-149969577
-144903041
-142341628
-137538848
-129828890
-121696246
-113074088
-103736022
-93697061
-81092367
-67230056
-56706712
-48583393
-38790846
-27012932
-14934314
-5320012
1140824
7015437
12815866
19314755
28861081
38362309
45849860
56354547
68619220
77271546
84616709
92293944
97769789
100263113
100404252
102546244
111228250
124682527
139741413
151842956
157736556
163927337
171934037
173248541
169781490
170555977
174354611
176328713
179571235
187626440
195302131
193908742
184777363
175127492
163179981
147890232
135587257
126981285
116779984
102637532
86769891
71638509
58287497
46740455
32304354
12625659
-3204834
-9272165
-13935957
-22362094
-29523573
-36014792
-48162312
-66809872
-83819246
-90442430
-90118366
-92387527
-98670911
-103197186
-101513490
-97332046
-101174400
-112942595
-118723184
-118734828
-125515479
-134607594
-136191010
-132201825
-125014033
-117677073
-116485394
-117851543
-114403144
-111191563
-112399366
-109368188
-97126697
-83881966
-77250628
-72210896
-60852132
-45243675
-31174314
-20490741
-14651355
-13886329
-12963375
-8878416
-5955776
-5578137
-4069790
-3502946
-7917933
-13577748
-16658988
-18462790
-19391912
-18977326
-16260190
-10464609
-6056828
-7164742
-9369273
-7363423
-377883
11327299
24680716
37534384
53008317
70427976
84250827
94463073
106183994
119922366
129367316
132311170
137250641
148452110
154552262
149655929
143736921
138912498
127162086
109664089
92517285
77080097
62636203
48723680
34502995
15202281
-10869254
-32682532
-42692984
-47103470
-46818576
-41174464
-41130101
-48596778
-53823530
-56120587
-58802991
-62024832
-63819925
-60983522
-56446713
-50496697
-35114573
-15770576
-9103525
-15085837
-22419483
-27925053
-34128281
-41545777
-44569714
-40814311
-38293359
-38018096
-34880342
-33510921
-36035632
-36398451
-35275494
-36090531
-38242179
-40197560
-38255917
-33541047
-31982574
-31212617
-28730422
-29278718
-30954354
-29556979
-26076339
-18649141
-10325197
-8714271
-9945135
-9451668
-10231656
-11551836
-11756596
-12047469
-11255813
-8183374
-3320009
4451570
14958019
24990986
31811027
34921220
38127820
43656567
46274094
45409507
51428232
66543131
78716319
87231543
103578281
125416699
141863669
153026809
163084871
170993784
173945052
172234102
170926792
171665386
171957229
172536524
171736318
167929722
166058304
164104072
153646792
136039808
116897481
96829533
76168547
57315451
43302590
31751024
15428034
-2269403
-14818976
-26548300
-37849797
-46660892
-58116251
-70516374
-77669142
-82079639
-86567916
-89329250
-89614156
-88478610
-88198298
-87892057
-84005841
-79426660
-77048651
-73532393
-71216612
-74105356
