          0
          0
          0
          0
          0
          0
          0
          0
    -233888
     623288
   -1056960
    -515957
     366766
   -1567833
     211789
     440674
   -1115564
    1088273
     259843
    -642730
    1286081
    -234211
    -255274
    1119943
    -486909
     237137
     883790
    -488751
     511566
     385589
    -616647
     295434
    -323686
    -791885
     -24465
    -681427
    -555637
      47020
    -451571
     -26375
     221221
      23370
    -461901
    1095049
     233374
    -366639
    1323810
    -541411
    -529096
     828639
   -1270919
    -277409
     495164
   -1261200
     313580
     249602
    -984038
     579968
    -187573
    -740372
     558345
    -435570
    -264594
     653448
    -248954
     343223
     722334
     -42613
     565033
     399176
    -177072
     296377
    -116550
    -329082
      99781
    -223807
     -46603
     324099
     141132
     467533
     622892
     443750
     636508
     484123
     226515
     213156
     -98344
    -278366
    -277371
    -431100
    -340448
    -191227
    -141937
      75304
     193685
     229444
     339426
     308548
     271217
     273344
     175933
     130199
      90887
      -2756
     -26371
     -66404
    -113194
     -98642
    -117416
    -130753
    -128317
    -181560
    -223547
    -267295
    -326319
    -332041
    -316123
    -264148
    -162330
     -57416
      56217
     152957
     207164
     227623
     200044
     132168
      41337
     -69283
    -177220
    -271873
    -342506
    -376118
    -369988
    -317454
    -224736
    -104783
      32426
     156189
     252793
     306734
     303224
     257728
     180426
      90737
      23592
     -16886
     -16740
      25290
      82926
     151544
     206132
     230220
     224887
     183087
     112850
      27899
     -70367
    -161596
    -234781
    -283850
    -289776
    -254886
    -180179
     -73371
      47545
     162971
     256202
     316579
     338362
     326301
     289576
     232900
     168685
     100922
      32558
     -27652
     -82287
    -123545
    -144498
    -145663
    -120095
     -71071
      -8415
      57920
     112792
     136086
     122026
      70217
     -16830
    -105663
    -180603
    -224231
    -211258
    -158427
     -73839
      31285
     117730
     178873
     206823
     185102
     136689
      65313
     -20552
     -91789
    -143057
    -167150
    -147454
     -98985
     -32996
      48996
     115429
     155232
     171986
     145845
      95177
      39967
     -17023
     -48178
     -38447
       -777
      68275
     152317
     212300
     244852
     235837
     173229
      88547
      -8598
    -107680
    -174601
    -220329
    -245506
    -241561
    -235261
    -218542
    -187534
    -156456
    -112589
     -61101
     -18240
      21281
      48908
      55087
      56818
      52480
      47382
      54283
      66147
      76510
      83248
      79025
      57631
      29755
       -271
     -30327
     -45678
     -51487
     -56949
     -57699
     -70215
     -92196
    -110001
    -126573
    -120805
     -88677
     -34964
      41149
     118216
     181725
     220653
     219762
     184210
     117695
      27075
     -69860
    -163686
    -245624
    -299243
    -327897
    -323107
    -288232
    -233322
    -161502
     -94589
     -39982
      -4533
       3575
       -687
      -9748
     -14324
       5965
      45235
     102326
     168091
     216438
     237871
     217033
     150758
      50236
     -71947
    -188700
    -276343
    -316108
    -294656
    -217019
     -97107
      42652
     172537
     267548
     310444
     292455
     219907
     110032
     -14482
    -128972
    -210118
    -241066
    -218859
    -144708
     -34292
      90637
     211068
     306970
     364424
     380439
     355526
     298074
     223267
     142928
      71802
      19759
     -11510
     -19557
     -15066
      -9054
      -9343
     -27093
     -59358
     -96649
    -132782
    -150733
    -145056
    -118176
     -71854
     -20707
      23242
      54997
      70132
      70890
      64313
      51305
      34967
      17254
      -4310
     -22889
     -36454
     -38957
     -22988
       7166
      47091
      85809
     106122
     103293
      72604
      19180
     -42435
    -101848
    -146620
    -168742
    -169224
    -148995
    -113458
     -66188
      -9163
      53781
     119336
     180577
     229465
     256493
     254890
     217834
     144665
      40141
     -85425
    -217823
    -338411
    -432007
    -488787
    -499104
    -469529
    -405934
    -318301
    -219897
    -117015
     -14675
      79061
     160059
     221153
     255003
     262619
     247706
     219757
     191542
     171696
     162745
     158091
     146022
     117391
      66856
       3803
     -57526
     -98903
    -105557
     -73578
      -7729
      76191
     158773
     223067
     253610
     245978
     201158
     122100
      22993
     -85687
    -187992
    -268884
    -320383
    -338222
    -325769
    -293860
    -254626
    -221199
    -203289
    -202975
    -215680
    -229074
    -229472
    -203779
    -141956
     -44789
      75443
     203448
     308821
     369745
     372063
     310329
     199014
      61976
     -72302
    -176186
    -227946
    -222011
    -166594
     -75327
      24914
     108738
     161836
     166743
     125541
      52486
     -38830
    -122206
    -173836
    -187178
    -152819
     -78725
      11340
     100097
     158052
     161245
     107357
      -5910
    -162170
    -319913
    -458924
    -535524
    -524261
    -431803
    -253951
     -24285
     218700
     449448
     630644
     741234
     778751
     742989
     648937
     521368
     383008
     258198
     167620
     119186
     110875
     130853
     159060
     173981
     163188
     118382
      41923
     -51050
    -146533
    -226559
    -271733
    -278913
    -246033
    -176774
     -98346
     -20997
      28306
      26510
     -20014
    -117014
    -243783
    -368693
    -475707
    -539970
    -546374
    -500610
    -407904
    -280715
    -143998
     -10851
     103539
     183720
     231293
     248242
     243331
     237994
     242946
     267277
     315797
     372522
     424836
     453852
     441199
     382445
     281207
     149487
       8024
    -119886
    -219648
    -275024
    -280602
    -244566
    -174452
     -88796
      -9110
      53266
      84378
      78598
      40441
     -25406
    -111581
    -201337
    -287545
    -360910
    -404789
    -418731
    -396848
    -337181
    -255616
    -158172
     -57471
      29508
     106114
     162958
     202407
     232556
     246926
     248519
     236486
     203888
     153318
      90146
      14554
     -63629
    -138077
    -208489
    -263806
    -303840
    -325027
    -316482
    -280485
    -210836
    -107191
      14567
     144459
     260206
     334996
     355312
     305413
     184674
      10372
    -196435
    -403990
    -578427
    -698496
    -748717
    -722517
    -630905
    -485153
    -302384
    -103123
      97527
     284330
     437192
     551350
     613082
     618216
     582719
     509238
     416083
     326829
     238898
     162114
      94428
      14996
     -72429
    -167685
    -270513
    -349763
    -393471
    -392928
    -331408
    -230562
    -105411
      24489
     126412
     190099
     209387
     179042
     114116
      24167
     -81124
    -176848
    -253955
    -294642
    -281141
    -209409
     -81966
      91343
     283272
     455420
     582125
     634608
     601049
     497078
     340472
     162136
        -18
    -129357
    -214739
    -251176
    -257226
    -239654
    -204030
    -164189
    -114879
     -58072
        284
      61229
     119647
     164718
     201268
     224261
     230250
     228029
     201679
     147390
      62482
     -68510
    -232371
    -414782
    -600409
    -750026
    -839093
    -853962
    -778544
    -627715
    -421810
    -177949
      70246
     304023
     509821
     671565
     787823
     854607
     869769
     837204
     759859
     646407
     510547
     362120
     216666
      82738
     -32441
    -124925
    -194821
    -240626
    -266585
    -267685
    -244759
    -201803
    -137013
     -62612
      10751
      76355
     126132
     149266
     156610
     147285
     121338
      95575
      56705
       5611
     -54358
    -136791
    -231602
    -330232
    -431083
    -513416
    -568685
    -592781
    -575038
    -519689
    -431271
    -309612
    -168445
     -20192
     129796
     255210
     347989
     409029
     418587
     396980
     354148
     290206
     233704
     186080
     146396
     120420
     104462
      86420
      67970
      47024
      10867
     -27523
     -65995
    -103361
    -117974
    -106705
     -69348
       2411
      91873
     180408
     260401
     310725
     323004
     307223
     262249
     200090
     142912
      87022
      49945
      36727
      28720
      38965
      46721
      36177
      13280
     -38447
    -117017
    -199706
    -283241
    -349423
    -375776
    -367636
    -324517
    -248128
    -165875
     -89793
     -28297
        -69
       2886
     -10907
     -35251
     -51696
     -47706
     -25784
      16152
      64442
     101797
     118094
     104780
      62948
        621
     -66225
    -125567
    -162215
    -166097
    -136950
     -73782
      16594
     121179
     227871
     316547
     367768
     370957
     315938
     210319
      72576
     -77901
    -210044
    -299854
    -338302
    -317709
    -251597
    -158586
     -55673
      33866
      96665
     125516
     111773
      64606
     -11376
    -105246
    -195279
    -271065
    -312871
    -310002
    -263654
    -179845
     -76177
      25004
     104282
     151550
     157107
     132520
      94295
      53404
      34411
      43738
      75408
     130635
     185249
     222262
     230607
     192227
     110502
      -2352
    -135972
    -261426
    -357133
    -408981
    -399381
    -327430
    -205117
     -41903
     134076
     295726
     422990
     488734
     484745
     412392
     281342
     116854
     -55267
    -210931
    -333286
    -411963
    -448466
    -450158
    -421771
    -370718
    -301174
    -206218
     -93220
      37582
     183401
     322044
     449228
     553092
     612176
     635012
     612476
     542072
     443872
     313582
     165536
      24114
    -111513
    -217213
    -281646
    -316708
    -310984
    -279386
    -241924
    -194003
    -154666
    -126128
     -93639
     -65859
     -30696
      15433
      57034
      94479
     114032
      99997
      55203
     -21135
    -120367
    -222644
    -311093
    -371920
    -396147
    -375088
    -318236
    -230217
    -117852
      -3839
     107979
     201315
     262216
     290423
     279392
     236005
     178028
     117858
      74647
      62884
      81293
     127046
     185453
     235152
     262469
     255242
     212386
     142071
      57093
     -30723
    -107468
    -166062
    -203712
    -218797
    -212823
    -188732
    -149595
     -98711
     -45425
       1536
      36497
      52525
      53154
      46519
      43018
      49089
      75307
     113699
     152880
     182406
     182402
     147581
      83587
      -2639
     -90428
    -160174
    -202462
    -204429
    -168711
    -103528
     -13037
      87584
     188430
     283850
     353321
     391479
     391203
     341134
     256826
     145461
      21114
     -89319
    -178742
    -239065
    -266582
    -277865
    -279775
    -282211
    -295171
    -314760
    -336925
    -356079
    -356518
    -335596
    -286048
    -207458
    -110622
        523
     110294
     203441
     272117
     302690
     291630
     246376
     171699
      85769
       9030
     -42883
     -54587
     -20435
      49374
     138176
     222739
     274681
     277170
     224223
     116096
     -23858
    -170310
    -298855
    -378961
    -398942
    -353674
    -244880
     -95200
      73090
     229608
     339608
     384969
     350982
     239643
      73326
    -122805
    -314336
    -468322
    -568181
    -604896
    -581564
    -515641
    -420729
    -316444
    -220930
    -142080
     -88640
     -61189
     -50674
     -51326
     -47633
     -28901
      10157
      70264
     142585
     210275
     262599
     286703
     277284
     241134
     185468
     121087
      67050
      26794
       8951
      16662
      40834
      79811
     126286
     166594
     198169
     215137
     210182
     191333
     158538
     112766
      68458
      25189
     -10103
     -28204
     -35106
     -30152
     -16922
      -5416
      -3691
      -8165
     -25888
     -49482
     -64109
     -73854
     -69800
     -51766
     -32346
     -12483
       6935
      18251
      30520
      49896
      72943
     107005
     143819
     173586
     194741
     196930
     180429
     151730
     108778
      63983
      25183
      -7720
     -20109
     -13704
      11488
      60834
     122512
     188353
     245242
     279107
     273018
     226636
     139136
      15995
    -116953
    -244694
    -348952
    -409901
    -430549
    -413333
    -368555
    -312333
    -254014
    -200521
    -155036
    -105382
     -54963
       5860
      80150
     151731
     222632
     281064
     310341
     314752
     286341
     221411
     138151
      37812
     -65537
    -149478
    -208233
    -227948
    -198802
    -132551
     -33258
      82517
     192681
     284012
     341106
     354410
     326588
     263238
     173567
      75542
     -21774
    -111663
    -184424
    -242620
    -290197
    -318532
    -335370
    -333798
    -305098
    -259009
    -194598
    -120364
     -57588
      -7321
      21496
      24313
      15862
       -734
     -19405
     -28004
     -31262
     -30461
     -18014
      -2929
      20489
      54980
      88613
     123335
     152936
     167704
     176396
     179351
     184424
     204382
     238244
     284755
     333700
     367846
     373993
     340865
     263475
     148595
       8194
    -138591
    -269841
    -366994
    -419624
    -418867
    -373711
    -295220
    -197687
    -107214
     -35874
       3860
       3860
     -27571
     -85787
    -155651
    -220323
    -265850
    -278870
    -256841
    -203963
    -133801
     -66844
     -23701
     -20081
     -62845
    -143657
    -240338
    -327914
    -377734
    -368288
    -297469
    -169314
      -5243
     161278
     302165
     388910
     401329
     338795
     210061
      35068
    -151613
    -314774
    -424799
    -454660
    -395788
    -257874
     -57248
     170469
     386982
     557780
     655190
     662712
     588732
     452124
     279627
     114297
     -15731
     -91142
     -98445
     -55292
      19165
     104587
     169009
     203485
     204138
     164654
     104393
      32114
     -46689
    -107428
    -150333
    -166943
    -142039
     -90694
     -13870
      75525
     146411
     189659
     189584
     135839
      43804
     -72792
    -195183
    -294618
    -354246
    -370622
    -336125
    -261284
    -165788
     -56751
      42477
     116605
     164445
     172599
     143208
      85221
       -539
     -94820
    -175743
    -232985
    -241660
    -197308
    -111097
       8522
     127921
     215898
     258421
     238467
     166220
      68077
     -37710
    -121532
    -164504
    -167671
    -132224
     -68205
       2442
      69885
     123265
     147784
     141903
     103626
      30817
     -59847
    -153848
    -234026
    -274147
    -265125
    -203644
     -93545
      39883
     172727
     284160
     350943
     373063
     354571
     305195
     245297
     184229
     130878
      89302
      54185
      23161
      -6317
     -37333
     -69162
    -103306
    -141614
    -185091
    -234663
    -287336
    -337237
    -377782
    -396854
    -388581
    -351544
    -286039
    -206872
    -126243
     -55620
      -5541
      19315
      26361
      21861
      14425
      16476
      27736
      48673
      76037
     101451
     123442
     139082
     142933
     141507
     130790
     110823
      90568
      64746
      41868
      31716
      32154
      52039
      89610
     134472
     183998
     228642
     258359
     277584
     281137
     273740
     260741
     237750
     207002
     158569
      95370
      18086
     -70758
    -149797
    -211791
    -246227
    -240379
    -200906
    -140503
     -62902
       5466
      56241
      85189
      79731
      49687
      -1150
     -65681
    -125639
    -171807
    -194567
    -182592
    -137988
     -65986
      25624
     117870
     196731
     250480
     273294
     263262
     232060
     187485
     138583
     100851
      69857
      44357
      24375
      -5586
     -43735
     -87097
    -140273
    -192402
    -232849
    -269419
    -284958
    -280026
    -261497
    -213205
    -144308
     -62101
      35726
     123878
     188125
     224576
     213289
     161553
      82055
     -23492
    -130693
    -227928
    -314278
    -375230
    -409047
    -420963
    -393533
    -336024
    -256800
    -153224
     -54721
      26152
      84513
     103406
      97156
      81708
      66405
      74277
     108329
     157605
     222274
     275945
     306738
     312131
     277644
     213096
     125837
      18479
     -91628
    -193301
    -275647
    -318070
    -310551
    -250468
    -137035
      10498
     168238
     311441
     414260
     457382
     442835
     376270
     272781
     156738
      38270
     -73234
    -172806
    -265911
    -352508
    -423535
    -480344
    -501773
    -478533
    -420058
    -314998
    -189894
     -63435
      66441
     175805
     271782
     364354
     441893
     512739
     566041
     581053
     556279
     483004
     364931
     223980
      73189
     -69874
    -186600
    -275621
    -330841
    -347286
    -328967
    -269127
    -170066
     -43684
      99048
     231664
     330074
     378252
     367386
     300456
     198883
      82077
     -27304
    -107805
    -161529
    -188262
    -198829
    -210142
    -223511
    -238132
    -252853
    -251030
    -224637
    -179005
    -110924
     -34196
      30632
      87430
     124552
     138902
     145491
     133972
     106617
      72269
      22477
     -29825
     -66617
     -85973
     -70308
     -17959
      47983
     123237
     182872
     207995
     212963
     191307
     157619
     135762
     113326
      98294
      86079
      53865
       7805
     -51953
    -125646
    -194863
    -249736
    -287106
    -296372
    -270607
    -218053
    -130898
     -11485
     122701
     269328
     407681
     507754
     562306
     551983
     469795
     336889
     163160
     -26932
    -197240
    -337789
    -431240
    -467970
    -464807
    -423870
    -357564
    -288371
    -218599
    -160950
    -125432
    -103748
     -99556
    -105836
    -107470
    -102619
     -79350
     -33731
      24230
      85588
     133234
     146897
     115888
      38890
     -76699
    -207607
    -322702
    -398350
    -410756
    -354720
    -241570
     -88504
      78303
     229803
     348240
     420111
     437428
     408240
     340105
     245438
     147332
      61654
       2086
     -18344
     -11423
      10469
      27923
      14657
     -36796
    -125207
    -239633
    -352078
    -432926
    -467849
    -440966
    -353854
    -229921
     -80930
      66364
     182792
     260891
     289656
     265202
     205443
     127655
      43199
     -20828
     -54727
     -62865
     -39566
      -3925
      27038
      54570
      59484
      50121
      38586
      22404
      27291
      57345
     109245
     190156
     279392
     358053
     417397
     433048
     394420
     312580
     185353
      31729
    -116985
    -254696
    -358568
    -412250
    -425316
    -397349
    -335520
    -263864
    -195047
    -131228
     -90060
     -66198
     -46719
     -37894
     -23224
       7919
      41155
      90768
     147490
     196737
     248796
     287123
     303672
     309249
     287184
     244429
     192034
     121752
      50672
     -11894
     -69290
    -107177
    -126119
    -134934
    -126379
    -106352
     -80182
     -39703
      11810
      68931
     136327
     200986
     246109
     273119
     264934
     218538
     149749
      55028
     -53347
    -157181
    -260354
    -351307
    -419996
    -470662
    -492807
    -477305
    -432741
    -354893
    -245364
    -126449
       3734
     137204
     253860
     362822
     452653
     509088
     541356
     530071
     469083
     370817
     229390
      64314
     -92435
    -233316
    -329918
    -364668
    -353757
    -292395
    -201347
    -110895
     -21597
      47597
      90987
     123029
     138267
     147704
     161065
     174038
     190456
     206250
     211955
     198875
     162197
      93202
      -7456
    -125278
    -249634
    -357463
    -422877
    -440866
    -397299
    -298596
    -169872
     -24617
     102299
     183306
     215182
     186439
     112426
      25291
     -58924
    -104398
     -93633
     -33956
      73399
     199232
     311306
     393114
     416678
     375431
     278924
     132701
     -34550
    -195089
    -331581
    -414773
    -439693
    -409381
    -328375
    -225922
    -121829
     -35068
      15365
      29128
      11173
     -30349
     -76092
    -110197
    -122592
    -104791
     -59840
      -1944
      56317
      94656
      95092
      57394
     -17935
    -116089
    -211079
    -289444
    -336664
    -345657
    -324274
    -276246
    -205716
    -121541
     -21500
      90471
     201203
     304486
     377186
     405698
     389039
     325274
     235662
     141876
      59474
       9167
      -6160
       6973
      43877
      89486
     131773
     166988
     184581
     176506
     142598
      74527
     -25125
    -141859
    -264897
    -369417
    -430605
    -435028
    -374039
    -256794
    -108174
      42304
     161758
     227108
     231040
     179899
      97142
      10958
     -58318
     -94196
    -101314
     -94322
     -84434
     -87314
    -106814
    -131529
    -157189
    -169811
    -164213
    -143750
    -111507
     -71838
     -19156
      48638
     140917
     259963
     389073
     511789
     604809
     639982
     612478
     527778
     399657
     258603
     125196
      12034
     -76682
    -146728
    -203170
    -249769
    -281515
    -289772
    -269663
    -214226
    -130941
     -37223
      52966
     117131
     142481
     134509
      92314
      35433
     -19819
     -66390
     -90743
    -100061
     -99819
     -94827
     -98045
    -105621
    -115429
    -128275
    -130626
    -124323
    -109463
     -82052
     -51199
     -14700
      27400
      73838
     126485
     178449
     222325
     249295
     248321
     220019
     168067
     102184
      42377
        221
     -17817
      -8560
      10166
      25907
      27287
       -484
     -51515
    -116131
    -187985
    -245161
    -279898
    -293826
    -279726
    -249093
    -212337
    -168140
    -131870
    -109287
     -97608
    -106226
    -128713
    -154612
    -178158
    -189122
    -172273
    -131753
     -72072
       5019
      75731
     133107
     179885
     205239
     223024
     246974
     269977
     305959
     350409
     384398
     411354
     415716
     386342
     333681
     249570
     142350
      32161
     -77813
    -163439
    -209453
    -218607
    -181709
    -113098
     -36278
      38729
      84203
      90536
      57571
     -10107
     -99075
    -190694
    -267671
    -320547
    -342943
    -335058
    -313778
    -289210
    -269159
    -265133
    -268642
    -264553
    -245101
    -192012
     -96174
      29778
     178753
     332458
     465337
     567988
     630938
     643906
     612468
     539873
     430001
     301386
     169326
      50707
     -31597
     -68572
     -61632
     -19403
      32359
      69120
      74238
