-99320
-200181
493551
-1441951
1541351
-163919
-6000203
34492524
72754693
84859575
101381716
88026577
80252344
87817734
65013950
37040829
37536769
48780648
38598102
-597251
-29301217
-18199748
-3661231
-17296105
-30888261
-24574815
-23449468
-29775664
-11230007
25029625
34305705
15639697
-1298971
-13264986
-28150887
-36682873
-16909022
4954473
-19402234
-43193628
-21235442
-14214326
-38424935
-43712230
-36748755
-44018596
-50230239
-36435095
-20312245
-29420526
-43641631
-37041397
-35757428
-47638620
-47620184
-35882628
-26512156
-33598608
-51827190
-54701722
-34290146
-3978236
23733515
45280150
38407028
-10434629
-36422226
-2319996
10647375
-22893762
-33371654
-29106117
-27854377
5494703
35703634
31904534
38034955
40229868
12518916
9286980
19000243
-10392848
-21505580
8454145
-4441024
-37969714
-2400119
47503382
45780880
38501145
50778756
56156167
45275288
31557222
34005480
53165129
56254176
39171052
31644977
34823458
42843892
54860502
48581197
19772074
26640498
76022866
71940596
18115050
17890571
48301824
34684265
16708096
32372983
31538551
2302525
-13984403
-28203387
-41010465
-14481096
4453824
-35658526
-62150540
-41584006
-41540644
-60258075
-54085932
-39889692
-39993103
-43225332
-44684861
-57260744
-61872428
-38647741
-40591324
-90606139
-104722157
-71121630
-62666356
-59362859
-49161780
-74239334
-85583515
-54479881
-61832873
-105592862
-109704772
-107334196
-120183136
-87202642
-48375199
-69634728
-95574717
-77895145
-63275097
-79363155
-81738549
-54699552
-35180742
-14888376
50751552
109875397
99244506
91410253
116199018
116315411
119953259
153724593
183280370
210794054
234819096
240285159
236365579
221199199
215798538
233869085
228519135
199566919
189641048
194794325
192631850
168879582
140444564
146407158
167046294
160704696
136449536
117539957
97476346
60414451
41482712
68079997
96538829
101967989
104570334
91971820
56821803
40777373
36029007
7413260
-8727434
13221906
22215315
5617305
5275881
5041700
-5278027
9120455
16759854
-21835389
-58059292
-65809232
-82982581
-103534086
-92757362
-80410159
-117145330
-154800090
-131571808
-109454542
-131641316
-136310970
-124409841
-139780645
-134195969
-102924361
-119810451
-153372331
-144368332
-136653507
-152798394
-158377180
-152366810
-150807205
-153622788
-144522218
-124382210
-125890011
-126521534
-92150600
-79058046
-95927792
-69495835
-34489656
-57246498
-85291702
-77853996
-57653815
-44652429
-60914706
-75236815
-38034551
-7985598
-37931542
-67893171
-60735520
-47839993
-52683105
-62923628
-34748580
9625278
-13169171
-64473569
-62115301
-42622274
-27161177
638760
6547523
-4382462
2065437
15261803
23967451
9922854
-25069804
-23139537
4041296
-2185781
-13866191
-5666914
-5321483
-11773406
-14402545
-13429836
-8061177
2568322
28344255
47450046
23527454
-4492284
-2305157
1815530
23300681
56125277
49782000
52769396
93478762
91113745
58483167
68254511
78957480
65664187
98036508
145302578
125519496
91791191
79141662
41072134
21986761
63834099
80159278
37628698
16884516
41731201
43424482
-8747350
-48316725
-33718368
-9992751
3517441
22463904
20888145
-13298287
-34618707
-26725394
-28701105
-40019441
-26513736
-8427517
-12575738
-25035781
-41941945
-54367086
-33200425
-5493226
-18828187
-50189245
-61747535
-47486377
-24770040
-30512219
-48497213
-22356370
16458292
13055608
1296685
2424721
-8481649
-14200706
8487730
26874951
6576992
-22072139
-9905750
19333100
7610171
-24373822
-22264907
2322470
25839238
45184044
52385223
55028800
48652563
29947674
39172651
58199023
33145068
25825548
73799880
88280979
51281211
39149275
63581717
62725820
22813691
4703607
23218791
27990236
15673189
16923301
24493271
25710110
20182496
21801099
48711837
62015016
32988499
20753272
44836445
45520879
23951306
24088975
32602951
32362880
31735677
34416012
47635265
57456053
41656813
25247927
24808808
19605894
11743277
-2034641
-19248046
-13378731
-15132796
-40073239
-38673274
-31792131
-53100081
-52412540
-28861980
-26588466
-32113982
-28806491
-24970604
-33899645
-49140414
-42054429
-28134206
-33323410
-36022179
-30926835
-31897265
-30245477
-28335721
-31241110
-28779767
-29428889
-31745782
-27475026
-38224096
-59761253
-70247829
-81368122
-88449209
-71102325
-56705980
-61140212
-49803250
-31202382
-27360226
-16917289
-21024614
-51097446
-44736975
-18986998
-35870544
-42866009
-14291069
-10595699
-15348631
-756069
-4053103
-10513132
5738112
12592085
6034099
1372904
-4264382
7137744
37246787
44710221
15391746
-12149457
490814
48066814
74859587
41348572
11046632
39390806
57306270
30334848
22136476
31025661
21358081
28932087
55340368
58885203
51931207
45999733
34780080
35069405
41112763
39495528
44163882
45715204
37567963
46702277
54033583
21723166
-14776618
-7954116
27228950
41018343
21471505
-3027372
-28338577
-46415444
-37546235
-33901709
-49065601
-32408845
-10710112
-34241180
-49259424
-53332883
-89614172
-94742649
-42095589
-14479590
-26147188
-29677623
-26026973
-25748467
-29115104
-32477450
-18822777
-10339979
-32168811
-44417047
-33378705
-37962692
-45827484
-34392225
-44573143
-65889456
-32362420
22083889
14844548
-41351314
-73995062
-67381045
-46756019
-14597192
4728937
-15436047
-27010097
10246500
37369909
16950094
3352846
17219979
19717390
6001531
9451550
26090963
25283094
16096128
14017280
-2696621
-29781812
-25976074
-10588167
-22780953
-24216090
6619785
23677962
22221161
23901976
16632964
10739099
17673016
20699668
20366957
7025522
-17385022
-14491160
3959128
10730616
36287693
66616478
48681400
20373378
34645372
57862511
48302399
30740803
42404121
63108978
61702960
53773235
55386824
50915015
39776124
34885178
25011609
8023965
3595657
9891811
5267210
-11424783
-17524343
-12641445
-17840898
-21394005
-10869374
-12408703
-19397821
-16742461
-44476018
-77009918
-46237465
-11805460
-34811067
-44282666
-10362977
2149281
-11726529
-9157433
-3639273
-21876187
-34077691
-17207747
-5885743
-18358000
-36975228
-48358492
-32333589
-6773739
-14904959
-26079611
-18396488
-17265687
-9137532
1261609
-13637413
-22637092
-2793920
7401102
2020955
-1194782
-12429641
-14192294
7431460
24018080
24952244
31153587
39563184
23463107
7602874
17162404
14370306
213840
17363002
33932913
7902689
-11059892
8563583
22798493
6142808
-12833401
-961993
22395227
12123844
-21304441
-25048975
-601417
9875619
8100980
13559834
14590551
6255034
10484418
10438517
-15866221
-32058775
-22497033
-10010194
-163310
11029554
21073055
22918096
14430010
6166683
6957804
9986195
9394449
6599238
-791479
5072469
37618889
55596105
25270963
2449781
39954989
68557734
35024702
13652124
47559332
75041139
66582443
62239782
63620998
35668534
-5026216
-13916880
5052283
16813230
15439600
14360092
9180865
-8566386
-21823287
-21658355
-27197581
-26946427
-4182469
8079531
2096475
9958848
12222308
-12647929
-19288838
-2190457
-6608885
-17177253
-8607115
-6122625
-6302792
9653178
11379823
-6167479
2988075
13259908
-22865378
-37234850
-7260931
-18210542
-44709424
-10820339
26251447
11744812
-3496137
5938819
11473811
7115468
7881968
6124693
-6041427
-3741564
4940597
-5947535
-6631331
12883544
10594465
-15947477
-36590477
-43187961
-39589445
-43682066
-52198782
-29866039
6754945
14109066
8078076
10309563
10121086
12895758
14639869
3855797
600199
9307542
12175160
12062108
11964917
6864781
1127657
-4636059
-3759456
9235345
14265590
2697715
-4572010
-194800
1386785
2297492
6183612
-3243546
-13778023
-10664165
-21556158
-37156342
-29448368
-30268821
-50531565
-58537132
-65744318
-77158909
-62818794
-41922615
-43322208
-43645556
-25357540
-12763119
-18566209
-23617474
-23959817
-29673523
-30287182
-18160886
-13331852
-24645065
-32974535
-28595745
-19736695
-24385127
-46405678
-53522394
-37544714
-30073021
-30622422
-18354420
-6830539
-11201378
-13277447
-10438861
-31074181
-55878145
-41021322
-23928696
-28904768
-4660436
33583676
41617205
39926253
43753460
58158535
85325497
91470988
78184686
84398079
91847395
84027543
84336655
75116554
54010993
64140487
72812607
32983735
15392423
61324077
94682740
91946232
98602729
100055320
65769762
32385483
30153468
37589801
36662272
30947082
32053657
34320710
21827116
14659677
21081958
241887
-43476827
-42873365
-2556883
11042537
8874950
10988833
-8306020
-17946919
8190258
23038703
15771915
20396747
20289972
-5680192
-24846062
-26895750
-34641937
-44019191
-39945301
-20382137
6713353
22304934
21007354
22562511
27354296
24038063
24239620
28497457
29371461
30537097
22694402
14453234
28824665
32694424
2269179
-1864703
37941958
52840246
38731973
41683848
44377149
31974512
24175132
91584767
-31063169
38945277
186234713
-828666700
-833456665
193252291
78090136
10789613
111419317
56688381
100553479
119096062
97599970
65442306
66120419
101001932
107173489
71079314
68247693
85796367
63764489
55481210
65771686
30871261
-1274349
2389884
-5310573
-12417601
1706314
6443420
-14616883
-49814086
-68320547
-49282728
-31337412
-45946186
-59746037
-51937529
-53369982
-72218998
-68930672
-43876033
-36252589
-37653820
-29584768
-31929459
-44592487
-44746191
-40211977
-45660132
-43098671
-34005598
-45118625
-50579263
-29615392
-25071236
-36769822
-37284082
-59381358
-89957499
-72714487
-38395451
-32034816
-43940676
-47325886
-39591921
-53099339
-58188135
-8444458
17865592
-34050103
-62863403
-37646790
-31782385
-35529555
-36542061
-51709213
-53703942
-33229688
-15191651
-3741554
10831127
23977515
27199704
20990675
18453624
27153475
29156275
19677846
18679780
20244992
12613307
14614030
28584526
34702247
24224652
9670683
28011350
66755216
55332680
4589833
-23034423
-22646886
-5972872
4934639
-5504949
3148567
33088857
31482451
15136423
19163131
23407617
24700138
29772694
22112988
11068738
12786978
9708825
18403919
49011392
45439659
27185070
52049918
69767091
42109698
23761801
39579922
54255907
41579467
11660595
4234860
9566774
-19956645
-50895167
-29761658
9036300
10184764
-7667752
-2758177
10336254
5528832
-1208500
1888773
-458948
-1089725
10477300
13951118
10942730
10048639
-2160119
-5323481
9439476
7082344
2583614
25027191
30828314
6232686
1788117
14069394
6072156
-8811216
-7049042
-540997
3991942
4370600
-7279845
-4241830
16360578
13633971
2514358
-390041
-29278628
-61357339
-60573297
-48926045
-33929970
-12404654
-2340745
-17770459
-36230528
-26481815
-17045849
-39600687
-52946146
-30621832
-15230746
-20174314
-22874375
-11499732
13663333
21067479
6745383
133491
1097348
-908690
-7021500
-9352477
-447786
8507816
9009500
7045065
-8447235
-25134210
-11958753
-12651417
-37045748
-27192249
-20011329
-43729561
-30803611
9567471
6688318
-20958776
-21915537
2174371
16193283
1753548
-6869946
4503567
9558809
8185360
10846124
18577196
24185463
9314281
-8644204
-2514192
7110979
11321024
12959873
5879282
7543249
16544906
15959557
27212004
63240264
73654983
22238008
-24716743
-11409355
-5617700
-36274161
-28583394
-2663952
-4122623
17438779
31404280
-8436287
-22193384
1006208
-8949143
-25223772
-18316098
-18405334
-14127707
4278561
7264804
-699983
9709066
21803683
2458963
-17077436
2042162
16152504
-10318848
-34205467
-30729253
-25307375
-28104348
-19624051
3936774
22456345
27380501
18984958
11033379
12625011
6605516
2184712
13780313
8154326
-21837792
-32671502
-32108945
-43021174
-35860592
-20972332
-34776281
-39945330
-1931851
17010897
-10386789
-19868405
-15308136
-24980410
-2702625
39556555
40344854
26909883
38968207
49474772
46786944
50418269
53007536
45512200
39161692
25709941
2476203
4402919
35959593
49494496
34991271
22465217
6534255
-10511491
4561522
32805054
36846479
33505317
34468454
29029140
35958586
54501646
50607040
35225155
37085091
45744485
42566939
30653848
28762047
47082715
61219412
53360989
48363812
52522145
52017390
52000860
35740254
-4213717
-23115749
-13156472
-15305776
-28251300
-21115217
-6692773
-16201533
-25517233
-23421532
-53072997
-83422996
-56612663
-24646559
-34894322
-42118770
-32093836
-34773699
-38912445
-32958929
-32605782
-36498661
-34324059
-34825859
-40333478
-38414849
-34799465
-43324399
-53725932
-48672568
-39119622
-41112406
-47939635
-47417186
-38870276
-43459567
-65380836
-70554876
-63962773
-64653369
-51172279
-47470661
-68681017
-65723112
-48690233
-50483366
-58203979
-69125347
-65540979
-36632965
-30969692
-42404991
-31343267
-35848819
-66304029
-81207560
-85238661
-91757851
-82065280
-66038698
-65828962
-49821220
-19136893
-19410782
-14514839
22355314
46249850
72681511
111575740
113566448
114202883
157789166
194589391
209889721
216489870
194024721
166262170
169673355
178270820
171494013
167625028
171899341
175202743
173231926
167081216
166446927
175119095
171839267
146666351
124106196
121401070
126193383
122630498
115012376
103861412
92992303
93535687
91778433
80368656
65920151
46486616
22319193
-2565223
-30037718
-51782306
-47289434
-29107937
-30286181
-48691055
-61374801
-68817386
-71929704
-54691509
-31697705
-26355753
-36902653
-62682607
-83720726
-79660672
-79409499
-88635193
-79847322
-72714844
-80023249
-81319559
-74648094
-60439078
-56378177
-80684978
-81209653
-36937820
-14714167
-19251907
-18515714
-29034345
-40063634
-40898817
-47858868
-45076469
-37807867
-54330755
-62960893
-47611623
-47596507
-59171929
-60256811
-55638385
-49031037
-48481443
-51300314
-44285793
-35560748
-32645027
-30343318
-33779965
-37266468
-32103639
-31777354
-23927958
-3293457
-14099353
-56686003
-82389034
-80541808
-70070713
-65906882
-71728578
-64302982
-45735598
-59387824
-82512563
-66356558
-40181323
-42396797
-67158620
-82657115
-61322368
-28107822
-13016161
1068351
3353335
-21522341
-23006734
-6830989
-32867397
-49094405
-1363941
37666545
31086746
25449284
35249383
42310508
32221321
15925221
21977184
32404014
34830738
67688091
91444681
51585429
17816734
28175174
21633222
-12452436
-30264332
-27950457
-31614717
-30314564
-10466259
-629313
1970351
16520030
3105265
-35414694
-28447005
11852826
27079268
21156914
14319244
11144778
14062115
14094520
1956648
-13018510
-20201352
-17237457
-7047475
-6136551
-18537670
-25073761
-16360168
-2732233
-6630584
-16897178
5069897
29688613
15595546
-974605
2803670
-6994501
-28602338
-29444030
-23079354
-20206261
-13200384
-16370833
-23138562
-14160785
-4691645
-13708887
-26177738
-22751652
-5436598
14004940
26546483
28518344
23282463
24054098
22793840
-84205
-14180555
9610527
29677913
24101311
24947079
26105462
12501214
14791127
28293003
6019686
-26051886
-12613173
15998401
24910511
25808201
18356760
28174073
69428724
73649094
29997975
15097456
23731139
18097908
35197117
70489946
75184768
63547950
60357409
59460215
53544789
35526804
6816729
-10088224
-3447842
190192
-17916434
-31340903
-19979140
-9684370
-25607265
-50209247
-64629588
-77823952
-76696886
-46373940
-28400679
-44438463
-46437432
-23895110
-21947108
-35409917
-21637419
7222715
3037506
-26014707
-34740412
-32072026
-37492500
-36597391
-34769424
-30047186
-23804512
-37925561
-42752006
-33747169
-55700726
-74510908
-48577270
-26887761
-48108470
-83515498
-96933573
-85757887
-78560553
-74876866
-43485625
-27678158
-75390487
-114762413
-75665877
-8988224
20740454
27515780
28099896
26489877
50486738
80108631
61652320
31260590
61143396
122370120
151109469
151562696
152510048
158104654
155393397
149387226
155421809
167959996
170920558
161438892
162189351
170488660
134568468
66974066
53271952
86150552
90320337
80755052
96661447
103886342
89164006
89310906
99481417
86112558
58695306
46096235
49255580
51805300
46359152
42271953
50644448
61326162
53975017
41222057
42177477
37945495
15669220
-7834254
-14100660
-10030485
-11831824
-9425896
-6149530
-23649280
-37716517
-28281146
-22860645
-31157065
-46186012
-49763419
-26144829
-17934277
-31191150
-20548687
-20827658
-57445268
-80946006
-86444718
-98161056
-103602832
-93599110
-83402630
-85003061
-95981326
-99089203
-82348070
-63100185
-66155412
-91249209
-98872965
-71733649
-63523373
-89662999
-88877055
-62874570
-69706180
-77434097
-46429023
-35308909
-58341001
-60620891
-42102090
-37746597
-47926846
-47842343
-30729191
-18257996
-31268348
-51594881
-42769059
-25391290
-35361497
-34043109
-90781
11703770
-4998735
-9966980
-2707830
7024872
19077224
30434333
31990196
17378667
12259646
31556874
31639274
1366242
-17065689
-22790421
-25643108
-16082789
-12773179
-15955520
-7772058
-5840123
-12971043
-10905404
-2444846
-5786023
-27240751
-23888034
20443688
27105965
-6842034
6093989
35158850
22192327
20678004
38723360
30662330
22483229
28186707
19138307
28607220
77517907
88358834
55366200
65165619
97977343
94711555
85507237
88340251
75225844
49347459
34846251
31412210
22128428
10403006
16770157
31928941
20787506
-14154887
-22671662
1596825
11832227
6715096
16189426
31134348
20531860
-2710293
-673116
11630705
11845155
12813753
-1095362
-49660985
-85073512
-69874100
-38534772
-18239593
-18931808
-42114178
-57008770
-49581072
-39346840
-36735443
-37087345
-44711444
-42565178
-4672214
22612681
-8551692
-43200427
-27959038
-10481059
-29452591
-43377617
-35042502
-37494286
-46988901
-43477736
-39821759
-42242711
-42296526
-40599475
-37188164
-36413261
-38579373
-22906569
4861614
10930689
-4430554
-7872898
8502651
14254319
9697634
14797151
8021304
-13896655
-22289915
-17322918
-5445747
13644549
22456816
7005509
-12553425
-8032001
5655399
7509006
8263059
-1573375
-24350503
-13779778
19154148
22035104
18860780
27084436
23593137
19942726
23453426
5038928
-34196590
-37645709
1679854
18639497
7578222
9008649
5500363
-3680885
9247928
16666443
22796278
51434338
50850070
16391817
12652499
20214701
-4961057
-21019984
3581880
47648845
85081346
79382151
34960214
4325127
6053893
20443693
22722706
14107008
14146911
14131551
4593688
7694780
19864570
13251904
259045
-6007848
-3124757
26210275
46627336
20906495
-4546105
-3870570
-5497410
-3017213
7302578
2829343
13346233
49800557
53955186
13050599
-27626476
-34114805
-21181436
-28095628
-43202548
-19058083
19412731
16613537
-2269263
-10921130
-15849475
-7613279
-6789448
-26424873
-31030621
-13228083
-1836158
-3481344
-4069922
-1649433
-1841247
-5647006
-9848763
-8765831
-5582323
-4880982
-596754
-5806576
-33329884
-42988399
-25043539
-30261770
-41873405
-15982056
9197837
-1864356
-17806649
-13802839
-20549676
-56121264
-59765375
-12057304
9674684
-4777453
-10635816
-15369223
-18001985
-9474262
-4702566
-3882406
-6586076
-9669038
-548911
-7973011
-27753872
8876998
60829792
36607972
-14815905
-25380531
-22326570
-21895963
-16104378
-20355340
-10910315
31560906
42172778
16671870
18803692
16219483
-6578655
11666886
25438151
-12825893
-10132255
39524674
47186101
36495491
40215167
34153666
34290416
38238279
25328457
26953189
43193624
45562908
43687545
29859703
-2739347
-19000248
-17350494
-26864083
-29234239
-14471310
-16590252
-10866837
32559730
43157334
11346161
18105150
31881901
-68793
-13405235
13463166
28999576
34859938
45558887
45943443
35186174
16181701
1607499
6848161
6634050
-3096649
12296387
42978888
52927918
37796065
10887537
-10757688
-18977043
-20612344
-8346385
9485965
2226916
-11658741
-8959420
-9931556
-16721254
-19497761
-25437465
-25300034
-11609808
-6301073
-7592331
-893226
-2140928
-5814602
2898171
-2100242
-23439078
-29302420
-22309412
-19942493
-16875698
-6050356
1932637
-4162373
-16180781
-23101008
-22246866
-13990706
-10069437
-19081369
-26497336
-28516272
-34045503
-33237292
-26997755
-26308050
-27480311
-29588484
-24922211
-22716773
-50720700
-75747109
-60959679
-41748660
-39359530
-27376611
-12961777
-18991733
-9291972
22584187
10988355
-27854499
-20222470
195047
-12474713
-16400451
-4223196
-8809472
-21033214
-23383063
-28981160
-51238804
-61238370
-36085033
-5173248
13929163
36630417
45731030
19859922
-2890644
-835874
5981341
17063786
32788627
49494182
69758517
78991034
79925907
99565962
119921185
112972955
101239428
102271869
94940455
67938970
52068830
56433686
47466781
35876707
45068963
44848890
29942997
24958567
25587998
28485297
24205812
-8334277
-44468920
-40006253
-15374874
-14313503
-22083023
-20964021
-25865655
-30211203
-24465903
-28342759
-37864387
-34507313
-37402732
-47769184
-41895045
-30182585
-38893564
-75332620
-105077823
-88077390
-54878292
-49493318
-53571239
-47218810
-37929686
-28150220
-29886572
-42162211
-41728376
-41343110
-49131752
-52050858
-71712150
-95048085
-83622070
-63494704
-63956206
-68753146
-66157026
-63382781
-56076346
-49625850
-52088134
-47263882
-43637722
-51116687
-37614168
-2345428
16444430
23761378
33532870
40791145
57399297
68985455
62965561
80950840
110847728
96882232
78018062
98018034
106502858
80489060
80823228
130523434
166134551
153523800
140966651
153089756
147412123
112354020
88041093
92447833
98828968
93612874
110905607
142214032
137342586
103561177
65051759
40953250
56921903
76565643
51621673
24149816
24542995
25466475
38005676
54208439
43711688
32765628
38251604
30328003
-3080669
-23773760
-14425678
-10109636
-20105771
-26302323
-35683498
-53336126
-72214333
-90675230
-100436959
-98186501
-84786188
-65726680
-60022956
-70555928
-80433694
-84933172
-99603256
-128994161
-137903706
-116178336
-108152078
-111688662
-107916562
-121559808
-127732918
-102585207
-99678790
-122190107
-122086491
-114707381
-114703558
-99460160
-81656072
-81153617
-91009264
-85805790
-49173427
-21115541
-29009333
-33935379
-23165223
-17001347
-9319256
-4868795
-6135299
700732
560812
1784760
32528545
54865696
40066099
31104544
33052835
23153833
25506642
41233747
41574392
32528433
28406874
29834355
38228928
39847633
35749843
53059497
73189653
59509328
37571719
38638936
40792078
37916213
51053165
62629726
53087099
41942499
41319187
44683729
53116015
55229384
33569128
25638070
53177720
45823865
1739125
13330250
57558490
56238934
40834352
43536364
40144445
33908589
32406176
33417032
44192358
47081101
29721898
24653549
46074376
58550202
59307321
70834650
73076315
71433043
89101541
85695484
44942168
32737258
53585166
34989179
4332333
25075782
45178980
29593412
35025025
60430285
55846664
39979477
45900405
51501759
30542574
1410125
-10992254
-12654275
-13591555
-22321978
-44986553
-56705065
-47474755
-49289598
-57031769
-44921609
-33035633
-39574107
-49236075
-50592284
-49090118
-50748722
-52442249
-54194558
-57445886
-48314761
-32443792
-35149687
-43761525
-37998773
-31903507
-34165339
-35087938
-27336122
-17803226
-21762917
-32033606
-32642936
-35136412
-51561545
-63166979
-57994787
-44979230
-29537509
-22882589
-35301792
-52274887
-47834055
-31369466
-30204767
-32667254
-21822769
-22410384
-42343875
-45942770
-36629784
-36716187
-30339772
-24367979
-33478056
-25607842
-5505812
-19849946
-26673262
17958247
28638759
-21687711
-31840262
2469271
-2634880
-23347655
-3487003
7339730
-24781527
-34104501
-6729199
-6211343
-7694089
27695601
37929465
17442932
26076324
32294470
-273033
-19533561
-12218825
-9883821
-5834461
-5645433
-23499634
-30543483
-23513767
-32700027
-40627895
-44838353
-67255683
-72646750
-42286847
-7566921
20127054
37565839
35468495
24241223
26675391
59995799
92694311
81420323
65669032
76762058
73465385
60460298
74103565
86028312
73672224
69041303
78764166
76566937
58012019
29159677
371047
-10939957
-21476663
-39981095
-28304686
4106632
-5580201
-47234706
-46589777
-14809960
-17810196
-37380200
-37210111
-31118345
-17336459
9921896
25479038
19668991
6840662
-6808237
-10944768
1522516
3066450
-24010906
-43987857
-30166277
-6425632
3659253
1097686
-8536010
-12438494
-10691248
-19358895
-26548637
-25329525
-32783544
-45551415
-49468845
-54708396
-79918658
-98903989
-77786773
-51016911
-56308503
-56154573
-20087702
6569164
7588036
15216361
16918129
15045746
41085922
63938068
56960548
49851377
53349247
60270067
64645637
57295756
48403600
49318662
59157274
64175940
39568173
11835153
22406850
30773631
16590142
28264726
46419015
23945961
-2632042
3072675
12649048
1415990
-12530958
-10600998
-15103867
-40913708
-56039704
-55038710
-53809585
-52253444
-61412291
-57651961
-21938364
-2035636
-713569
15350565
17894035
-4714243
-15775014
-10717101
-3980265
5733209
14619972
5022561
-15582448
6328286
50167328
31869803
-8919066
-3448830
7577869
-7358176
-27514385
-39244991
-34564255
-25178412
-27556791
-25855396
-24749110
-22751816
9638082
39353466
23299249
-4149868
-11013677
-20246214
-38803712
-43784625
-26512476
-3237457
2888221
-8159615
-15674610
-10461311
-6575154
-14870306
-27950221
-33393459
-32745811
-33454814
-22169179
-11114174
-18577031
111109
39000534
32367452
7500530
7339748
-2624405
-22507445
-24772286
-25917693
-29400950
-24753591
-17539592
-4954180
3479338
-10325226
-23746153
-25578270
-48529431
-60628997
-13982797
27928333
33473181
62963975
98381355
90852005
82145558
97241560
104371339
110457553
117582840
85407530
39993589
43603362
60953159
45200358
51617880
95636609
98036361
58931511
38240429
36837224
50031696
68859889
56279716
40471389
53537847
39743480
21743945
79484323
138178639
119159846
103896952
126560176
124194217
112404351
116958246
100582944
68678369
56443617
66143643
74314649
49379034
10788209
7215424
9662705
-20127493
-41566565
-37498728
-40850668
-49376025
-46227547
-41895905
-47298277
-55269827
-51621387
-43472319
-39291015
-31575774
-33453603
-52528489
-59398069
-42370611
-42222250
-64851392
-58091639
-31461130
-33169820
-40992789
-38838471
-57540436
-81424423
-79394595
-56714627
-35463177
-54281398
-90013040
-68002857
-17056970
-8802646
-28563009
-44035079
-54025524
-60838130
-65164120
-60533240
-55748019
-63101378
-50370644
-17367378
-14734028
-29193085
-37836586
-62421603
-64205725
-22326392
-16290022
-44118833
-37477566
-35252019
-53510344
-20360964
19781804
-16488677
-49109216
-11594782
17989695
6206292
5351534
14176835
10001732
11674470
16995892
11549838
11934250
15240003
791297
-5312950
12247116
12550964
10804809
48622499
65514478
24481273
-1031733
15329934
21613497
12101367
18476121
33916049
30911385
9778349
10335541
31041600
14710704
-16750026
-4576541
18555969
15751112
10467305
11192132
10020571
4003910
-14978648
-33692831
-44346190
-57922753
-49011701
-21235166
-26464873
-38182680
-22860132
-17614345
-16762452
-4656509
-9126440
-21996513
-35022014
-52751564
-34049309
5833201
9425878
4182863
9609589
6839447
9471578
14864080
5171010
-16880825
-37147371
-29011780
-333890
-1669755
-30823785
-33406322
-5542917
9239341
4920688
3727280
8305530
13584766
16438382
12080669
11174319
21477709
24842352
15581721
7934657
6544854
-560447
-6149478
10034807
17916714
3013312
3157031
1843562
-16233981
-3896879
12387782
-8689580
-17582831
-1471004
20156908
47382591
46810436
17244287
6515846
9518895
4280407
1417450
2718202
10423713
10690438
-1161839
16718075
43804511
31074141
27129127
58718959
60069176
27345001
14970792
14946977
7283791
1593637
4199539
4640097
-20753172
-42176157
-14141601
12435677
-5446614
-2948513
29777546
28174114
16531532
32555967
33697516
6549861
-8080878
-6927260
-12035005
-26842452
-51426830
-62273357
-45504366
-45948264
-73908238
-81648986
-69649357
-62067821
-46940631
-33020445
-49522235
-78905518
-76347456
-47146305
-45591397
-70158056
-61338204
-33342988
-29437409
-30876249
-32690180
-44058766
-48107494
-48067518
-46362946
-30893718
-19937042
-30730021
-48501384
-57617369
-61281663
-73322887
-79100692
-58634468
-50752952
-76956286
-98649125
-95474120
-72955705
-44003973
-31633388
-34562576
-29564558
-23724606
-29162226
-27109926
-7227161
10821635
12230555
12262287
23286505
40199039
70149620
119300391
165839945
182346679
178826023
187180451
198737578
194505552
196572327
198406389
167931221
134151543
121103685
105130026
94663228
118755105
147309591
125970857
82020102
76593518
90012833
85697410
82711051
76158009
51972545
51625075
75385775
76297573
59972879
44588272
26154281
15974852
18473007
17005476
8981318
4482407
7430755
11732031
2001336
-7939665
288598
-8008204
-33582846
-30769593
-24562866
-45194102
-50911678
-36213496
-35834510
-41323945
-38962935
-39169429
-42068744
-41996531
-45638606
-49462787
-41554049
-35478993
-40151344
-37413060
-36192479
-48061214
-41323628
-22610809
-28511069
-35994609
-24347952
-21211199
-32757810
-37020184
-33651957
-34289128
-31503510
-26974698
-41777995
-61788123
-66066009
-66169555
-47780807
-14145407
-24055074
-57076740
-38586436
-6324025
-12009568
-10880819
981846
-15961854
-34917891
-23704045
-4969399
-2385601
-9226162
-11599993
-10914370
-9052941
-1768375
-4993786
-19136749
-21010159
-10656864
-4258192
-12177328
-23161730
-24489060
-28912019
-30727131
-5159070
10095280
-14241656
-19868466
-1475435
-2730112
-8300263
-7462489
-2913433
22596612
46406861
21920348
-15153424
-5794761
10352126
-7336462
-17807701
3938910
30580466
43838433
47189227
48476720
48137733
40636524
46408342
58438412
28044651
-3944467
28941982
61390040
25260445
-16210986
-11486075
-5087863
-20170211
-35211306
-41128028
-30143124
-19628194
-31665420
-32433235
-8490448
-3173258
-19681984
-36386235
-62019891
-64460297
-24086295
-3192005
-17112346
-20245018
-7729525
-2262448
-7586773
-9793080
-2889579
945270
-9049339
-20649530
-16507223
-9018584
-17925143
-22482065
-3549468
-3409751
-22113105
-5963295
11728505
-13958145
-33314318
-11313189
-2803089
-16833818
3126423
18875959
-8940203
-11860197
13395888
1954932
-10446138
17840931
31209420
1608549
-30082314
-21372713
20399240
27858755
-14466545
-32994219
-7720607
2044550
-8636264
-1754338
-1239971
-23411069
-26832339
-3555160
8755184
-9651808
-36479793
-35508482
-12833150
6110893
22915365
27579320
16170603
11766649
9370488
-1548786
-2208131
7759833
12572522
23675018
35503886
25361556
18219335
22469501
12641839
8103726
23267607
30643604
20715549
5155477
6633718
34954106
48592270
25777016
6950323
17463294
40973661
61488405
70055496
68862706
66323525
58217183
53967285
63749795
72044345
66767172
48482622
25930782
12343818
13890039
18046851
-3127265
-30668177
-14146045
8270690
-17960917
-51290024
-58788345
-51169696
-23298379
10323593
21957997
21213482
18894211
14878616
5138368
-29525846
-62088478
-58575804
-52579702
-48570464
-20819325
4043554
8564026
10037498
5389851
-4505769
-2366953
3017279
6415103
14281011
2594091
-38845558
-70389511
-62040405
-24437704
15562007
30745618
4973267
-46693140
-76603726
-63619599
-51097774
-53840518
-42961844
-48926223
-65432672
-26444542
19214040
9930952
3586542
15850519
2981045
-11154199
-19403854
-51753712
-64498422
-23630828
12599441
4709532
-11955593
-9550542
-1422926
2745989
11593589
33837917
51905262
36985255
5538048
-7444991
-3434690
7122109
16976719
12173006
-2444286
-7579871
-6268754
-11714963
-6971216
14521447
17087977
8340881
25941182
36439897
11014189
-4380771
2921531
-4535891
-15316858
-8408407
-4865119
-8533718
-3951950
2993692
-2062270
-11334655
-11392542
-7565508
4128613
29659508
46661544
46968819
52366502
53450868
34531040
30390106
45321515
43892810
38575746
41597589
36062646
36815872
48335193
39322837
17304728
2624576
-3593295
12716372
27530092
3219093
-18116212
-3556340
2803952
-11123624
-11066278
1501953
3630497
160271
-2116425
-12975974
-21397369
-19545048
-19177183
-12252760
-3307430
-16976711
-27948142
-15087092
-17161513
-35803908
-35918655
-29617248
-39165408
-46185575
-40228582
-39770220
-40819752
-35041220
-39809258
-49136745
-46440793
-45325197
-49519348
-45936265
-43657565
-50303227
-58340063
-63988740
-62683781
-60088062
-64483772
-71496087
-74077497
-67055364
-56068112
-42009201
-30786006
-38038244
-51521546
-62164828
-67868265
-51481809
-39987122
-70955343
-86743133
-43271776
-9893205
-19073579
-21300936
-21432132
-52039753
-74236236
-68185805
-70640061
-78849165
-72634409
-59505106
-46906924
-39600267
-24902765
12404246
37350447
29745089
37434427
76449197
98668273
85889783
81391774
96505606
91263286
87642857
126416492
165058233
163554928
148462872
144682816
141970826
133578241
136441533
148686322
135645230
95295151
70950011
80605170
90532603
78164337
81810024
127753719
157978031
127525882
84740504
82403463
87930871
55835013
35245725
63276352
87940566
98780293
115848773
108647307
84883519
90818949
101101821
75505863
53301258
70105910
84379828
68902772
52623791
39980782
25783359
19573096
-3611040
-31287700
-23819739
-18191939
-26086144
-18765775
-20476376
-26091623
-17445141
-40319631
-79823048
-82270319
-85365151
-91312018
-56383781
-33249382
-44879251
-33106259
-17901286
-28861616
-27041721
-22574002
-28796872
-17356530
-17932580
-48669497
-64026644
-59256931
-57835103
-49658575
-30102239
-17328555
-27308340
-43524950
-37861697
-28044531
-35614383
-41629977
-35750626
-35561837
-44633598
-43068316
-28056202
-24496509
-23079405
4467986
22680909
-4196008
-40487111
-49771955
-36812670
-28070297
-35139185
-30488519
-15077395
-19665068
-26309618
-17890624
-14954520
-19047442
-17742770
-14825009
-14901529
-10984789
-2503470
89316
-1015262
3165331
5926649
3655418
5673868
11786363
8752115
-1236322
5363816
22074276
16537743
3888089
16792519
30841587
20381256
10731108
16374464
14548811
-6486924
-29438111
-40858581
-43715282
-41704547
-33865739
-13871972
11545567
27248482
30182241
14575532
-4591290
10615096
55443714
81769396
70241883
43522763
27395336
30848292
40724278
34994665
24821863
50167681
95862588
106612726
85915678
67630098
56866553
56295517
50850449
23642064
12701160
26584131
26199387
13130663
2893975
-3672393
-5290661
-7976807
3694379
43206026
49705765
7232861
-3531735
4410059
-35114933
-63094381
-28752936
-11356975
-35251012
-31141563
-11201630
-20508739
-25210779
439803
6592637
-32944668
-52532804
-14604585
1285754
-42312870
-57774204
-43072636
-68173844
-86383786
-58202543
-42607113
-56201862
-54598869
-41763427
-48896268
-67397127
-81607597
-87121851
-86496390
-82308914
-69471694
-64966012
-82381783
-86467181
-55382977
-31962777
-30078890
-1798709
32052181
3451869
-47962616
-51991750
-40457605
-32323748
-4988470
-1553484
-31746535
-36815884
-30647111
-27554140
-823510
-8425235
-56313818
-56371008
-29827641
-22571226
8576708
45579170
26449982
2119664
15462527
25014774
27932628
28398967
9127437
-4380487
14579333
39139560
38967757
24746579
35136665
73685619
83342563
58154063
50393347
58040730
49964391
34755380
28599069
30879568
39996083
44590818
44135163
51316210
52006340
45273427
60862027
78579881
58337645
27551385
20950282
26001651
36622164
51432487
35788030
-7939862
-15576757
16280155
15180276
-19429205
-28270943
-29150150
-48118641
-57900343
-57156532
-53936293
-40661201
-23476730
-19456113
-31548333
-30389769
2074767
15437598
-22723119
-44243770
-31025207
-36760090
-27731157
8986344
-1410413
-41614283
-41477566
-22398060
-18734241
-21024288
-30434261
-46291648
-47462186
-29113195
-21944927
-39426705
-48116943
-34960522
-31049551
-41409696
-42798872
-41686739
-40331889
-30068215
-30441031
-44466418
-47205298
-43823801
-44222921
-25840875
6654838
18915211
7610593
4394240
21674998
17780255
-11477979
-12009254
-5925158
-28788169
-20203744
18798792
5940837
-26462879
-3482962
26553624
19173828
16498714
10345021
-17037515
-9184588
17462920
-1998638
-14867071
22669375
36411656
13046852
29911013
63167383
52670114
41754570
45053972
30297322
32758564
63398057
60912389
29238595
23979531
37880694
48376506
54873363
45699685
38517459
56347307
63153605
50471013
57690140
55416010
20072561
13713186
40372721
57651562
74987551
87038588
79300404
66787317
53511543
34075992
16867234
18546007
26086869
11224710
-3459517
3763351
5937376
-6959110
-24734456
-36043447
-27781046
-21254258
-36400564
-52241012
-46561083
-21884012
-10314583
-31386976
-47321304
-29255595
-23477260
-63460244
-85425617
-50520963
-29560954
-41808479
-27702472
-15875897
-38569490
-37883238
-15732500
-15903780
-26564272
-31815529
-27004233
-17577496
-10671191
565092
-4090117
-33628992
-54260833
-57074846
-52022386
-44646204
-50165309
-54618827
-41721706
-43200383
-55587087
-46494138
-36215715
-42436781
-49677157
-43156898
-22344210
-11170055
-27504481
-59841249
-80830844
-59097317
-14200704
-8149347
-18940842
1152823
3769193
-29166404
-40548777
-23983937
-7809925
-638304
-2084410
4212442
19759325
20495214
11775565
11269485
9254665
12039041
40816633
62729860
35643506
-861227
-3893660
-3379193
-2988
30957466
43729698
25695647
35874269
57482791
36050546
-341108
-5584820
22995755
54431893
49642650
19164635
-3281945
-19132773
-14313624
24756790
46642130
40736753
63118937
93112201
79120650
56062400
56490961
51055708
31666622
24445214
36442290
43351176
33471788
38387805
56188470
47743077
41888236
71220755
85022630
57455241
37883909
41346849
34011805
21020393
30662757
44968678
23164230
-14101116
-19921647
-19433758
-32101590
-26710093
-18342648
-27183441
-26719908
-17341073
-18995169
-28586261
-35655010
-37244886
-39548369
-38081894
-27607576
-24427629
-34390832
-42167466
-43377645
-40534375
-38531780
-31918913
-8538260
5006529
-9507669
-25552583
-31596746
-37773644
-44382405
-38008892
-19035892
-10541879
-8894855
2076250
6607910
-4115453
-5327292
1063503
-25822926
-65970222
-72208418
-66793187
-73524435
-70486018
-54500202
-47520486
-52043807
-59115495
-57754236
-48307392
-27439884
10543483
20593293
-11829485
-23293197
-6390734
387740
11016139
18855743
-713665
-7083423
12649850
13910500
-4392054
-20683930
-21111869
-1370975
4321712
-10431185
-8006550
12026398
20819276
9827000
12007325
49307330
60050875
30875688
47672494
77728295
38669697
9550849
50568605
82798081
58658363
10519035
4805897
49023856
51099471
15994844
29756535
51603036
36344094
41559081
64555391
63772013
63109504
65425475
63099678
75272837
82138135
71799246
65292617
62944390
63810586
68699911
67387505
65802410
59652887
31082693
6254996
11554162
21927914
16578833
-2042799
-23996107
-30073971
-26986993
-42115468
-61277534
-50914119
-26456267
-26743905
-49078676
-49285091
-11539999
17247659
5540465
-22028175
-40948096
-43483412
-42076959
-52201832
-37239716
5170333
5217475
-21836535
-11317802
8615070
6859819
3900321
-11794889
-32653964
-14500892
16762825
13716917
639664
10654560
25688778
14019618
-18017307
-34188565
-24735540
-12568066
-18402790
-37966616
-42624975
-22509667
-2900239
-5024391
-22212037
-32579934
-23924822
-11074226
-14277425
-19768916
-14802384
-14166652
-12588085
-4278701
-9902318
-14205085
2837756
6383121
-10770105
-19006477
-19194710
-3457821
30770685
42628467
30607413
26454326
26934709
28306393
30827325
20717881
13020152
26187968
32212511
13832613
-8435414
-18794789
-16230051
-12276143
-14986151
-13156861
-8175893
-17619912
-31309922
-29209255
-19929795
-21958796
-38546221
-63223597
-75472718
-40109398
10778026
9154804
-15878727
-16406691
-17332533
-28765190
-24295004
-7217720
-1901556
-17428646
-33865088
-23020004
-3349479
-1828115
-8917129
-13431957
-16173686
-30560057
-38117654
-8226824
12106978
-15622193
-35864506
-15885283
3946726
9588605
17809643
25341112
14227695
-15297451
-17214953
13546856
29985079
27524511
15938446
-5081474
-22984575
-27181388
-16664335
4572951
17371008
13092503
11964699
12763729
2056011
-2406476
8736420
16777034
20728388
13322955
-20266987
-31202557
2246981
22025471
18394296
17104180
10422382
6224792
9740109
4371231
20335613
58311598
50395650
10301759
-4274602
-14491411
-32499055
-30425389
-32212848
-50032573
-44171235
-21677334
-5693096
1759307
-14183186
-29418912
-19231465
-22356651
-37525664
-22169375
-274930
-4850989
-9991021
11458855
41577734
30281855
-22004991
-45022767
-21705154
4260969
17427268
17864974
10687501
3439336
-4859772
9273084
40189869
32076853
5235920
16811832
37484882
38319302
50839242
66581745
55178867
44634197
54877548
53661595
25483839
9357573
16114567
7588597
-12444115
-15498894
-8292145
-3596652
12600363
45808794
65376058
57130237
54326356
66993894
64351957
54129773
68253956
85777963
80003054
78565989
77664411
43360698
28886484
69099805
78447391
42647380
32364671
26367267
6571274
3051172
-7010848
-17341333
8026623
27914813
8330417
-20857210
-43281801
-53674584
-51460377
-48417564
-40216135
-37443142
-50754335
-51327080
-40637361
-44595810
-35765988
-4000658
-2678967
-32478416
-37688550
-25824105
-35779941
-50058802
-46021868
-46279759
-52741629
-28220014
9242510
-5526266
-47599053
-44116639
-27825208
-43901432
-52849723
-43411095
-44486818
-44575998
-35794366
-42713726
-54563366
-48308809
-39368233
-39153148
-38138610
-34557306
-29501190
-25850636
-36831906
-35949818
-9079569
-11648893
-26813771
2330765
18469051
-15960521
-33435906
-17781782
-1908711
18471168
34161958
38772107
45197362
42174143
33243695
33478162
34565153
35077185
43482829
48771466
41079992
34572696
39255992
42496839
31372368
18584666
5643665
-15641355
-15691168
5212886
12023571
14645115
13503383
-5589548
-14514069
-16611446
-20974588
111869
8454822
-16209842
-6540759
23477993
8645325
-9619959
14213655
32605797
15370946
-972030
13696186
23231277
-16633644
-55258138
-43576029
-27604162
-47566049
-88533812
-116172666
-108584208
-73570613
-40090419
-33335816
-53185774
-72358032
-70703356
-62937692
-59368690
-64016312
-84058162
-91984087
-67195143
-36747370
-19529733
-18645878
-49739892
-77132414
-46661173
-7925294
-16789023
-24574653
-12348773
-19794388
-25555280
-14217644
-27448860
-51719498
-44046448
-23101502
-3918140
26571840
51255122
60511206
67380229
62165550
62890172
98637420
121366422
102954366
92105819
103221271
112126532
108175850
102308231
118394390
138542024
124253669
98820699
97458179
101896194
97606747
96207305
97498370
98218944
97605348
95536839
97440296
94411011
84696568
89812919
95410302
66434337
35909375
46248094
58804320
38506222
12835485
-2985824
-31055399
-74384144
-93979847
-69561591
-43341873
-40662757
-42048671
-56970617
-90504992
-105047333
-100356286
-105321035
-103610799
-88712712
-90350271
-102299745
-100181003
-104361734
-118039429
-84161215
-23552699
-25042109
-48402599
-19483532
15528800
11163478
-17543682
-33663112
-7063216
23908288
6014056
-25653633
-29323911
-32242567
-40334328
-37951678
-40040062
-37021337
-1349205
32548313
21477884
8118283
21721789
28757445
33508230
40020260
28622201
24867843
38923914
38058722
35791296
46851449
33664935
15372198
31136315
41418230
15895385
-11045854
-3511318
22936788
39066130
33390328
7349049
-848599
19862387
23226623
10039304
20507414
42881209
41521731
16580305
-372519
18931183
43781893
38481424
40254097
48454762
33051583
31332859
26882114
-9765963
-10438262
20108973
14712048
7123762
10897655
-20278210
-43314953
-26621311
-23228808
-29890115
-29103886
-35474510
-31304868
-22495456
-29810413
-30298789
-22087216
-24741159
-19494538
-18787634
-50914477
-55539811
-12829462
1908165
-14118178
-11570006
4962486
12766288
9715540
15384307
46037759
54055641
8947320
-7405179
21930937
13768632
-2753898
25590182
37027296
24480045
45308296
61001305
46005926
53730945
62858835
43607217
47244811
58618832
32316479
23640264
57624681
71678315
64391455
75585866
74794591
42318094
24108864
28552192
25619877
20855166
19827968
10804074
2317324
-6535160
-28370437
-40042220
-33738751
-33705130
-32230558
-27454794
-33405508
-35792353
-29998330
-27682320
-29681609
-34931856
-37237926
-36057764
-38291291
-34815622
-29027353
-28717634
-10241486
11370786
-6771849
-34508539
-36341578
-32261493
-29578325
-22836996
-18380452
-17634531
-16368850
-13423516
-17598239
-33157316
-37578996
-24413520
-26094895
-45200983
-50765955
-37627669
-24296321
-20045452
-21854465
-22855900
-15162293
-5659116
-7538861
-9117674
-843628
-7285957
-33980868
-39518421
-10456341
9373073
43909
-17558552
-25835363
-11977987
6522729
4159477
1314678
8497842
8309649
13814364
34264597
34773854
-3190557
-41876043
-39961748
-19229775
-18751765
-15952914
4102984
19838514
33646354
32907381
4530113
-10274456
12497428
44965544
62839023
57092001
34419767
16135109
11456030
16079764
25925528
41748235
59723370
66041038
49679452
21140591
6909813
12464585
7993175
-10773104
-18553522
-36215755
-57250778
-20499009
20942758
-22817001
-63281132
-26768467
-10039638
-38027804
-38626488
-18858446
-8415040
1928110
3069687
-13128372
-28904160
-37751294
-50444381
-62240204
-49036362
-22048523
-10014903
-7125441
-9756307
-14589507
-5437088
-2973939
-26628077
-38225985
-20972178
-7305522
-19818879
-46811310
-51209542
-35693035
-32528549
-30170461
-16673825
-13170170
-12835149
378433
5264263
-4819531
-8936455
1060142
5373696
-3706434
-3415648
-3439830
-16333466
-25563347
-36519237
-47887734
-34968638
-14251455
-21512415
-25695042
3583656
16831654
-8413331
-23669514
-17712214
-21892508
-16138976
3814398
-1732829
1553200
27387115
26673013
9120544
-7491943
-28887248
-35036400
-29557916
-27189965
-826620
29214401
27233693
32610101
45929562
39322095
42265838
49826319
33477631
22489465
24206889
12620885
11329291
26453749
20062012
14945932
39785733
40022223
-684430
-9510995
15288609
16850701
17178322
21181481
-13664741
-46480174
-38163097
-34041171
-30382276
7691515
28525027
-13535007
-58704735
-38469306
11482932
18701638
2716623
21834156
59276585
74919306
71907692
70608194
76566433
81440974
85778694
87788849
77394004
64269384
64885829
62215120
42773146
22018256
3205335
9064359
46913599
53946206
13163267
-13554727
-11463987
-17543168
-34711778
-57349225
-70078667
-39996462
-10086370
-26101724
-38196027
-23443363
-26199382
-42129405
-33857031
-29119617
-42656426
-26207939
4592933
-19323157
-60952534
-33423357
15169821
6292113
-16350018
-11821123
369682
7556744
-514751
-11234178
-4505456
7221628
12232809
-2265681
-35984687
-46407829
-12007005
26555750
23485866
-3829867
-6026540
-6309661
-32442835
-24672531
20387280
39499769
48676888
67438533
58701469
33432543
27981807
34425827
30356328
15952119
14369077
27336896
38372923
45730103
44064287
38320174
37304479
32970413
39311003
61298380
73858369
84307063
95084032
75034693
43013218
35127299
35435366
35951911
38769633
31774847
28546209
39197785
42434320
25021098
-1055001
-9790413
1750577
855516
-18748297
-26059669
-24881305
-33263828
-22111752
3597255
-12981678
-46601196
-35449395
-9728639
-18844818
-39470471
-31836277
-19046471
-40465499
-70405037
-70039419
-64936312
-76909512
-69714634
-40932116
-40770096
-70407141
-77161558
-54776846
-53598098
-77587479
-69365940
-26088616
-8804016
-18134088
-12316755
-2253287
-4372601
-12511097
-33986491
-54877055
-42931210
-16966314
-12274025
-15678739
-9093208
3495875
26668483
48981346
39753315
10259789
-9195212
-17566926
-6480964
17345070
15123501
2264104
8541721
11007131
12354442
31226318
32994749
4369552
-2726916
21933450
32210272
26150538
29127146
33988861
36140482
37876308
29993775
41562301
77767372
72417556
38409787
47679187
60561723
30107894
17185803
34338175
36497438
44755228
64111106
48906263
22587089
31007886
28126186
-14004800
-36311090
-27277541
-26846968
-27748755
-21466333
-32492959
-56696564
-67378729
-58088327
-40705555
-27995288
-26053595
-41513129
-55574993
-35779898
-22491928
-52448063
-55441501
-25151258
-39740341
-58637015
-33512917
-27589471
-43725327
-33626724
-31965077
-65409339
-81055703
-56887645
-36046563
-35212083
-34995325
-29425236
-12872369
9350588
5902638
-20220145
-39387476
-49942992
-52294098
-46622426
-51183515
-53445453
-26546883
-10941663
-29676995
-18813327
17499249
6181264
-33376713
-42337606
-32255861
-24776163
-6245231
24752620
36510585
11553671
1604047
29285906
32499403
17931593
29918990
20931404
-20337875
-29773391
-7276127
3980781
5022725
12087236
20373313
26792341
28068451
30064775
46038725
67176197
83657904
94279796
88165055
59301971
32801352
25671957
19202968
15571544
33915831
58754280
59893344
37749140
25050723
25928780
19395032
18440844
26529838
24044100
18304867
25011898
33986330
27331325
15771892
28957369
52638407
45971785
27156179
25067694
13920595
-5689857
5094646
25649984
20228442
5313631
2576316
18029923
27925535
12699643
5041414
11242341
-2024705
-26495314
-51903849
-84656690
-88614653
-56975546
-45676878
-55403417
-51852241
-41299728
-30488583
-34508691
-52009085
-33532456
6745574
6911248
-22564258
-57991694
-102453229
-112624496
-72286511
-44813974
-37529344
-12074626
6925032
1525761
8132163
23287755
10922384
828785
21477590
26247884
7138627
-1430148
-8000443
-20116560
-40459924
-59367963
-37225779
-9255026
-25784012
-31236531
-6370628
-2303187
-5032078
5531109
5104064
-3755801
-8071687
-3086883
11010263
15225295
8066551
6606163
535676
-20324066
-30662097
-14651800
678331
-3097363
-6260015
-600586
7476628
7110815
-13130720
-29566637
-15686795
2424590
-6524707
-19199002
-8381719
4900179
-4478416
-14545778
-8801637
-14224181
-15594568
19073573
43955432
34781524
33944710
26334565
-11179910
-28717671
-27702902
-30871283
673297
24940304
-6790762
-10682550
28435388
33894191
21126032
9601935
-26252280
-40273752
-3811031
37601967
69185484
89661984
91653415
92553058
88547935
74470128
70710956
59355319
31385231
30758688
49590201
27508162
-22872062
-37806709
-22091683
-32370695
-62814988
-51894173
-22235172
-29705031
-25304762
15374505
19748071
-19232651
-38741211
-31454252
-27260986
-33930122
-35495924
-33852631
-42380278
-41649612
-30229666
-28759368
-17572127
4882857
7824629
21002707
62335703
79463058
70935324
73008642
75869825
64667900
41387961
15419090
3594494
1006981
-4276396
-4910023
1044478
9817687
16552363
20797213
23742531
11201991
-5145038
-440973
-2250603
-21211065
-20267224
-9696291
-14728736
-24586062
-37416195
-41283261
-20475617
-5557707
-10541533
-10705011
-8912336
-18108929
-24649395
-15171253
-7737102
-19141449
-22027482
-2054759
1340775
-17898039
-25839266
-33179223
-48246808
-47483153
-40052202
-43358059
-43815598
-33144893
-36243939
-56924157
-56672329
-43588492
-61616805
-92140787
-96377252
-87348533
-88841176
-94593964
-84528137
-72183728
-73313246
-66563877
-63687557
-74492778
-64289358
-46845669
-50013703
-50164127
-34619454
-16636952
-4342013
13655871
44409098
64342670
73453769
89278647
91826585
80189549
84120783
96677184
113698566
128574621
112331261
97407907
104923767
88089413
57196758
62986611
78404970
64366984
54299306
61095455
61450688
58034360
56298867
60283605
67156519
57110087
43505824
48795041
37267072
17834508
35903314
37206675
6728142
25533488
62540430
45332337
36690254
60147739
44441088
5000930
-7145970
-669529
15188670
35628009
49557662
62415761
59645747
29245862
-2713986
-11140598
17062815
44720793
20789128
-9596197
2160629
5596108
-20912174
-30814472
-29601790
-33282741
-7177761
40648018
60732559
44433280
10291841
-16784196
-15269457
-20125004
-55975033
-64026270
-38155586
-30666750
-20064761
-3803763
-18247427
-22496825
-4990666
-10723230
-17036058
-189471
5251817
-2655476
1116904
11399327
17845609
3576987
-30810114
-42883027
-33093486
-28819073
-6853420
26322127
26773139
17913362
22697644
4588144
-26211109
-28114935
-19685128
-19136030
-3255357
22556322
36703288
44764545
46122211
39092957
43477040
37920122
1291603
-1923622
37954142
48662851
32147485
15581591
-9755095
-8555730
28979029
43348382
39091860
44419416
42838391
45762641
49264409
19453232
-10980253
-9597696
-6611990
-3678994
2798425
-15835084
-35409514
-12780039
-297351
-42119198
-63430226
-39708058
-33865176
-39074595
-25652035
-12092582
-5735769
-15844311
-47445687
-60662606
-49684295
-50085197
-52976709
-34098110
-10813158
869165
7328546
-6910620
-44156687
-60529678
-45621660
-42217692
-59608452
-66735498
-52288329
-31242137
-26798514
-43770406
-50257098
-22416642
4250063
-15331931
-51625961
-58548296
-57189710
-51180887
-24185595
-17482748
-34126910
-18106006
12843275
8051091
-6433861
-2623366
6026316
6649115
-14012451
-41792653
-50881569
-45527679
-26018665
4335852
3982825
-27900754
-24389867
6807836
2589987
-12944780
-2112398
9111556
5282681
-6557879
-11423893
3348996
10379600
1315253
12291212
28617747
13431076
-8124079
-10862066
4962238
41146991
67274202
64463269
61821794
56160457
18016659
-14398688
-556892
-982875
-33311648
-25749343
1464408
-1809601
13151775
57419257
67994111
58929496
67825900
53145911
7595664
-12676452
-5393531
-1574827
16006986
54092515
71335708
50935774
27814104
26040054
21189168
9267251
26775477
59458852
59789959
41007666
25494683
2547909
-13043010
-8668830
-15727167
-41008839
-41868305
-15313021
-8471061
-24968310
-32881267
-38908480
-54613806
-69395793
-69569275
-52622106
-41384608
-21731374
24575145
47651506
40535831
39998525
22220284
-14698206
-21372003
-11964879
-23896356
-36543831
-29241060
-25872263
-45747250
-53314241
-40327483
-50510293
-60163882
-36528661
-21772783
-23417696
-15105995
-8285631
-13675692
-35053455
-51442792
-33790008
-30311021
-61504623
-55128696
-17378190
-18470740
-35679605
-33364099
-45576937
-54423898
-7867612
41411881
42281991
42077963
50648094
36201243
23578718
26581024
27132446
32421658
21283775
-10542955
-5648147
24262259
38153820
60107898
89764233
90151149
67205753
39107142
7364209
-16998866
-32279992
-28485604
3233692
30945045
35454574
28516680
24039847
31303917
33816799
21193250
22714767
19912028
-16544320
-16750081
32617120
38717678
10756712
15654488
31121964
34390963
38862891
38777047
35166842
37135366
36762931
33058754
33952359
24150254
-3668385
-24461294
-34633704
-48437121
-45254909
-5742736
35750638
45217447
37465326
33960822
24061730
-9571710
-41509149
-38352879
-31197332
-40921256
-22167609
23383615
38346499
22755945
22079748
21330278
-17687442
-62775058
-82682812
-81487595
-46022446
4914686
14539685
-8497552
-11891750
1798893
3865403
-2306953
-2103596
6737154
16270946
10869842
-18163512
-53562648
-60177941
-37384206
-29201636
-49721521
-61164822
-47696307
-39871945
-49139851
-50806484
-43282155
-49198141
-47296853
-16728486
-12388976
-57153086
-75299311
-51998066
-56794707
-64578317
-29529260
-9185434
-17554148
544410
25760053
11064280
-13330836
-11921258
-11772783
-38394847
-50035058
-14322256
11853961
-1602787
-6061829
5751456
6963663
2506390
-4149407
-7397540
2027529
4480068
2287372
24012311
56223429
67560557
43685496
4196347
8866926
52199995
61210911
47277154
52672500
53472166
54331741
70315679
71720182
65025615
72099723
73336968
70346923
86073094
111424700
124075310
105039582
65679128
63088920
101161515
105455926
70339603
64630645
83057290
77325082
65914326
63130642
47900983
30100194
15808058
17280864
49026277
54074488
10686567
-6887024
9650703
3168625
-12706446
-10018112
-11140908
-17325283
-23233035
-49086845
-53277455
-12837188
-6483185
-32254780
-25803144
-14119947
-18725852
-15846931
-13572764
-14433780
-18511791
-42887772
-58617883
-40952171
-22596969
-26223755
-47413346
-68100011
-60667545
-30476404
-24298630
-51043848
-56709042
-39557386
-44709233
-58714490
-58421626
-55810218
-59767366
-61065711
-53269218
-47246348
-49286661
-54973923
-61571300
-55567970
-43509500
-53894336
-52703670
-11144834
15308386
-115115
-23796889
-39106996
-42451730
-31050585
-25446661
-35369925
-31591169
2819607
22296170
-4602607
-17704651
12346189
33954770
32988193
34764469
32179145
13654303
3864990
10959731
13475198
12232253
20418082
23516338
18577126
28521625
37865526
34865355
39931755
40429765
28562273
27547779
17336404
-9555392
4135414
42540525
36642658
22460855
41999658
44799181
23808523
21433174
27499494
29750602
36917684
31138630
30543400
61214913
69833525
35221583
19105288
32267638
22658218
7411501
38330388
75880920
45500738
-30741432
-54409127
-4754658
29404508
508918
-31416237
-25572661
-24654791
-44659536
-55712272
-56688093
-53037718
-45570432
-58688954
-84980696
-79513116
-53302128
-46516375
-45942987
-35843839
-40000273
-54002132
-45365572
-19880530
-6405525
-5815779
-6391171
-16122518
-37907965
-62506490
-70357411
-44593841
-21609753
-44114436
-77939052
-65185547
-49532180
-95176547
-130129939
-88081253
-43348721
-38897713
-16451392
9160289
-3806163
-12822207
-11334987
-26423751
-32843291
-19503180
-12931121
-14702605
-15453668
-7529465
16554574
22866907
-7401949
-27617919
-10729000
21097152
41384009
37956587
32496190
39798873
37618392
32748728
39387035
42761813
40478940
35379537
25998093
24499360
34515519
38479922
39010257
48605794
51968102
44580909
42936812
35439646
26715716
60929362
99489921
85299141
78297861
91393498
64754354
41053050
56136932
59397285
65194719
100638310
108370518
80177370
63834935
56428129
52674776
62699052
67182909
53183398
42112740
50275759
64982847
66164292
57072007
56316339
48233074
21275091
10766234
15815284
-3081901
-32152655
-26003251
16457462
55907436
59020047
47986181
54449436
53718322
38826032
40855542
47336365
28886091
2977338
-2603470
-33149
-24906012
-63862957
-71220567
-58567114
-46840281
-37199311
-43316155
-50101378
-40989405
-35161817
-32549772
-23489356
-34829494
-63014294
-68516190
-59077597
-66527083
-81128701
-75544788
-84087601
-120625932
-115415042
-83166665
-98212251
-126207243
-120408187
-110403225
-102911757
-97541032
-116865387
-117127857
-74027650
-51113458
-45366161
-6745239
22158237
-3270045
-32254124
-21567104
2193134
8009419
7561593
11341046
10063842
16916552
22595713
5598073
-3393387
6074684
6291687
3793171
14374089
19257827
14618795
19388573
24579523
15980479
374679
-6469875
-5876023
-1987640
29543104
70856592
63477510
24352420
12872158
27916967
38167051
30961360
14957731
12484242
16696987
15697289
14930155
8641581
26166896
61281547
43553984
23633286
66322959
81673973
54465105
72368868
96030557
77413246
58261890
42238840
43522756
76299895
86550847
73136148
83763022
89391924
57274439
31427948
37257987
47822095
44763699
22809156
-19361514
-42671303
-16062118
13194958
10411935
6635777
9401590
2640124
-12037974
-22456598
-5445416
11522268
-11431868
-18574075
14588257
7450715
-34869254
-35268429
-21036843
-33167237
-40201225
-37146904
-45287233
-47841635
-39284550
-49243841
-59971784
-41753454
-32143324
-45460333
-43915734
-29620921
-27172299
-28504129
-22413490
-24830969
-37299829
-37363361
-35335009
-37745439
-21425081
-7699393
-23353392
-31725974
-18791345
-23884573
-29839917
80793
14758824
-15333103
-32853560
-21587874
-13360112
-14060217
-21059264
-24932277
-18413392
-21333490
-32860395
-27118880
-17440552
-24958043
-17463689
23925761
56461233
51227868
38592390
37805180
24917191
-1974817
-18281169
-11745292
-6699272
-21643920
-24785727
-5669181
7722434
6547140
13698487
35680626
36915767
12579613
6518282
18257852
15489053
16766851
27617291
14647962
-787737
9592294
18746136
5975593
-7463657
18635074
65108075
59059954
8687494
-8460795
8163700
23945253
41411706
42922716
28160653
35148451
56842634
57629939
47425891
52535848
60047563
40637874
6986507
-45518
17512931
20781060
-2364403
-20565287
-10555538
7360442
11163779
14263050
24146681
18232455
-272285
-11322079
-17411640
-30418564
-55203363
-52910176
-13158027
-11607243
-40879564
-19542577
7389325
-24854089
-56500955
-51268564
-43754411
-40287296
-35456184
-29932277
-23437535
-27865768
-31711790
-8930615
8828185
-8912434
-22118202
-13263009
-14712496
-34563034
-40312312
-16443683
4309408
2577460
2643673
12375395
16678218
12700729
-4999496
-28065692
-37316829
-33050434
-11656812
12511984
5705385
-24037728
-37717934
-22372540
-10104856
-20212987
-22485076
-14886572
-26453888
-29325725
-18301177
-33010736
-28606411
10333495
4597193
-30128537
-30924502
-20702588
-9646484
16100308
11817287
-24107386
-30721320
-20202789
-17138733
6114226
34923914
22415965
-12779711
-15568222
9783178
30997816
36490384
26148870
22272659
32215757
30671957
19274324
22169004
33189190
33321591
25958879
20843728
26257952
37429759
34484579
24570737
24235747
23574693
20324275
22642369
24609327
24486320
22343128
19058639
22882921
18563230
-15341237
-58502341
-84124099
-91821925
-76631306
-48497971
-30555264
-11874395
13654982
32041256
38893469
28518080
7450629
1073439
18531013
25303448
-10906266
-41532305
-14317876
20002064
6298145
-16184590
-23928671
-44468861
-50374210
-22478130
-2474587
-1560792
2356434
7317635
1641206
-10891440
-21845304
-30251231
-46558271
-53319698
-31129252
-15548787
-27481962
-46400124
-48171250
-16738469
5611863
-31951004
-66055158
-31131067
12317284
4369813
-27608508
-36528715
-12592232
3156351
-24027404
-45915998
-18220389
8600845
-2040668
-13295689
-6591233
2301511
13094792
12104934
-15030505
-32396351
-10649011
14548939
6673950
-1217283
21815921
38482676
17863690
-1272692
4592671
-2080052
488050
47718059
79726771
67937751
63718659
87253297
104293360
94722413
72983540
58324728
57142638
54284322
47344941
58372348
71933805
44247595
9004191
18695899
24784134
9555136
24327384
50079084
53702937
48056676
37085211
32567061
45405585
59842925
60004501
31948005
3837378
18515254
31170853
11251735
9576965
16853342
-3827778
-14248170
-3135571
-13898464
-49594560
-71799542
-64889934
-70257022
-100954114
-104233700
-79087800
-73421624
-82641454
-77069388
-67576531
-67424142
-65201655
-59213557
-58069602
-65401687
-70851000
-66504430
-60191734
-49872517
-41182871
-58074272
-70150367
-33788517
-3157683
-9057382
8148539
42918685
61723275
86344191
97315535
70003674
52371147
63745293
58052934
30893415
26310820
39132873
35963358
27716539
28452675
23056208
10252529
1270320
-4735446
-4321655
1157983
-3688894
-17122137
-21126146
-5537952
6672803
-2071697
670499
14837118
12858211
10494694
3141473
-22968208
-20964590
7881942
9899833
11921120
26344862
24740615
37568662
51254272
22445425
470897
11159714
11913781
2558272
-213805
3505479
19908821
30817993
18107491
3190057
-5082062
-20613750
-38769487
-38398115
-9720778
23586322
27000531
9700244
7026155
13134691
10892588
15204279
17533909
4562060
14789253
51653341
54612948
22268518
8945895
22839411
39522182
39837706
19733463
6697418
17096600
28959717
24666017
11598451
7524972
16201967
14861758
-13940403
-28228909
-1061231
4569196
-18603172
-5526155
10701795
-21198585
-44913035
-33102512
-37757722
-57760833
-53319348
-37159930
-31380742
-12962705
22922908
33084307
18188258
9983126
-4520684
-25819760
-29781263
-26434200
-31341367
-37113738
-37348593
-29899358
-24642748
-22091689
-1845655
6934870
-22657585
-42395228
-33635867
-30430633
-32045534
-30756017
-36676327
-31002776
-13048310
-18596120
-25770770
-2714282
11105811
321174
87187
7588596
4202675
-4977013
-20048247
-29261858
-23122068
-17194317
-15556557
-19895324
-29566948
-31746563
-28345584
-21570096
-16216118
-31709598
-42140672
-5281586
40767071
46191212
32384704
34739674
47242597
36596759
5149778
-4426858
15175242
19309550
-10290994
-27573052
-12126350
-11181844
-27633022
-7489063
28397893
29607372
17053346
14613099
18023339
26168850
34440308
38130355
32525188
23050084
30711619
47191110
49167785
42555617
39900067
40485296
40077523
36751394
34140446
37163791
42491564
45217060
33637541
2783927
-22625555
-19590263
4483364
20153077
15270836
10055511
19635613
30104875
18927104
-8732989
-26348951
-23612035
-17588278
-17692100
-21167401
-28866748
-31300052
-25866552
-25606877
-30111422
-34890898
-42468405
-32105317
-8140686
-12632276
-35577387
-44289214
-34468005
-22106135
-33860510
-40820741
-9282753
-1772334
-39975676
-45634195
-24838682
-38519616
-60533098
-66907369
-71855719
-68629064
-57107125
-52920359
-61232277
-66689302
-59077756
-54404566
-61381052
-66112321
-58958969
-51319558
-61644463
-66197982
-35913895
-24532730
-61062217
-72478217
-46966770
-45987050
-66269899
-79242714
-71430838
-32251370
-12072387
-50929499
-76381264
-40183361
-6658840
-15251434
-25623195
-9503864
1018620
-17053396
-13711256
26276866
39248268
23519209
26058461
42596267
67432674
99770181
99265286
80186864
111328421
151750211
134846005
115608559
131741022
149665637
159838045
148574023
107917923
89954298
111024147
126082596
118643159
101124374
94280348
105063742
103243422
85009070
90257447
98959148
56917103
13277867
18577258
8615713
-18190136
1267800
22706919
13135356
13234920
296731
-34374670
-29652386
7678828
27496575
24814115
19779411
23361793
28622609
19527983
-14585816
-43325886
-39221406
-33297142
-38535839
-35639227
-31849826
-16736508
18627708
21428954
-5953433
-6273712
-5864402
-22768314
-22056093
-25721612
-48529145
-52870888
-40753588
-40105685
-51803942
-59471784
-44605774
-26660768
-32205602
-39320586
-31491594
-25702029
-32428891
-40195742
-41285703
-35950334
-23057605
-13344269
-6926060
17034256
46136660
36071911
-6798165
-13925062
30326368
52433905
20678446
-6952907
-2082847
5952982
20510049
32610138
3400059
-26542369
-8099683
16668237
13207982
10779769
22389913
28814147
25597662
19810847
17908814
8192752
-24981575
-41993436
-5143942
32256027
25106703
10420565
16872464
33276130
36297781
30443181
46653534
61328318
53598051
61895634
78675954
73116975
68906053
83799074
92265524
66019415
24172160
15065878
27361448
22202530
22131568
28079225
4399194
-22342242
-21475953
-11641457
-14256228
-31350966
-45191924
-40606520
-28232685
-34317693
-68535782
-95591667
-82875732
-60904474
-68734001
-88478441
-77319645
-43276413
-34974049
-48833581
-38756122
-21664695
-33644095
-33416486
-11328888
-32275945
-73910783
-59544787
-30441371
-57274175
-94235946
-82991986
-59473846
-67136221
-82386358
-70514522
-35087948
-7523429
-12188676
-23069165
-12360171
-25073837
-74728381
-76064697
-21579530
-1084063
-14673813
-9966320
-4199009
-12396661
-6567325
9426313
9372180
-12245682
-25189939
8242833
49938127
44320572
16698529
6222292
13260468
32222716
58350965
81805794
91024042
74441721
42804150
20431356
5678255
-12105237
-13586214
22425971
49756284
27866063
19896188
53141072
55060764
22703084
17831405
27208980
12158777
-6363532
-897228
17082699
32753124
46035216
55665127
57023681
55647744
64770581
72356417
61392249
53352531
61791518
54780357
18886435
-17597239
-45768046
-64880455
-47802503
2267516
27808083
9597259
-3347463
1296801
-12628251
-42174206
-57187502
-65302526
-72052774
-47283686
-8610396
-7365825
-26279969
-20350975
-6738815
-12366821
-11531750
2597166
2521195
-2301112
1389383
-7709274
-23593904
-20583853
-5277133
19370661
44233925
28593471
-9576683
-17565506
-17469244
-29401205
-29777322
-11907018
22771185
41420630
8362166
-25556655
-16112845
-4223613
-7444894
-5891343
-4546563
-5587510
1565820
9965114
4327304
-11491381
-23197925
-40971073
-78042668
-88592545
-41715043
-3048582
-8241439
-5834705
12132431
15072591
10421714
-8071367
-42412860
-57828681
-55345874
-46064104
-20309714
-4984167
341444
31883343
47901496
18182833
7635906
33979389
37910905
17747225
8971751
-2219779
-19073791
-19701985
-8383358
17977977
54243241
49376016
4997563
-6882601
18131153
24251065
11975170
16148896
37825684
54191086
50112116
41667329
56578713
66753354
40027826
17386373
17167943
7445522
-11874479
-31963514
-51617037
-53273758
-53167996
-70197363
-73613601
-67056425
-69779684
-59513467
-51081351
-74447248
-87536588
-62081667
-45281406
-46256374
-26448604
-4424961
-12735247
-21216299
-3297281
13901224
13143889
13377140
12775498
2451277
16928122
49000325
28985767
-24693081
-40254248
-35845410
-25881103
8011259
17319103
-9147247
-9035652
11294120
12664586
20766053
41876740
40252607
25297563
27793120
38728312
28270781
1553120
-11016465
-3562778
15430121
35127553
44554857
46130201
32190471
2564411
-11407794
-8772127
-10729156
-11861994
-9060393
-5213634
-3159769
-7369151
957416
30947978
51731174
50121584
45840366
35199819
6335501
-2330172
19999955
15043880
-9314216
11533064
55785699
59152464
43931544
52306980
51561387
27865544
23013750
37302498
32611025
20492074
31017282
42539821
29617078
14531034
29328712
57028298
62387274
48682769
29619510
9995999
3774636
18603857
44375485
50251630
13597192
-34307338
-63168021
-81920107
-84527669
-66154043
-53454305
-47076317
-25920686
-5498910
-6688033
-20772429
-40069457
-64641489
-74022508
-51639027
-27335099
-24593536
-16268899
-9545437
-35355813
-50428835
-28766165
-11524742
-10127828
-19493455
-35173028
-29954075
-11055707
-13891168
-23066302
-15405391
-11246429
-14290735
-21263659
-40592700
-41865003
-22263682
-25148508
-30657216
-14454968
-14370911
-26785844
-20445140
-13698360
-14502525
-11557413
-13709408
-8073856
15145814
27950971
28766591
31090139
18982900
-6997973
-18239195
-8935770
-6147991
-13656493
7349130
44159304
35137000
9810876
32391076
55895976
32686717
9638067
2413139
-10818235
3224750
39073477
30025857
-2498859
4117039
15000627
-8251056
-9483092
25162207
30967026
598159
-17455573
-3720541
6251962
-11824973
-12514828
27435271
53167976
45293129
47477977
58737953
54821231
54878889
61465716
54515059
47341944
48189890
27223401
-9355253
-17156963
-4373942
3652476
2338344
-9483336
-14580556
-17744973
-37831943
-54444160
-58129220
-63385887
-60024702
-41891183
-24607602
-17540219
-12941915
7339487
38429940
46089883
22985203
3864504
9247901
14247864
-269309
-15024193
-16436437
-10483997
-8441451
-17415624
-21840940
-6211524
5651078
-4145443
-14809506
-18472887
-16432223
-4387570
-8048447
-42786706
-67406120
-47911047
-18962951
-22871652
-38939011
-34255992
-18604071
-12679729
-12331096
-10261129
-11533361
-1598751
20949722
20113298
-4158574
-19970489
-13845785
10290392
23535948
1514419
-18800485
-13113433
-5340491
17887432
41196033
15734995
-14662087
-10357724
-11929826
-14045047
3321289
9145240
-361253
-7821869
-2370891
10818798
9249773
7985432
25985781
35514064
32188936
38398063
42010309
38262878
28312573
12386780
20653884
41950386
42221274
37121034
33979951
26560928
30832703
39006621
37476743
40309445
42714818
26302576
-1779548
-20770448
-26746547
-35605323
-45963700
-43771921
-43145841
-49756132
-45124329
-35225329
-29862290
-31461996
-54059389
-75623040
-62003507
-27826955
727863
13230861
8838747
871256
2440311
9549057
6744623
-19297059
-46314347
-44209332
-31975407
-40478506
-55002331
-31142807
-2400374
-32066271
-65086756
-51138263
-42071145
-56569772
-63146336
-56991762
-50869200
-57923333
-66902520
-61890700
-60593149
-50009360
-21048558
-27300137
-58280373
-45524124
-3207836
24740766
49830627
61266821
31751167
-3181919
-12903568
-6914072
4888570
12273676
6812547
-8940392
-14675926
-523875
5566261
-1919094
13913779
45755333
53391959
44097384
47213098
52069332
33748115
18603019
21945271
10082902
1572713
17996043
15696061
6820202
33505415
53282011
40869553
30803570
34881433
41671043
36356332
39742301
74104217
96761244
96249912
107767944
100329668
62296712
62690624
94007094
93966053
81946565
88822597
85747916
63687104
46645486
23904376
-13690286
-34090590
-21890644
-13349293
-32568313
-36343465
-3403130
5830900
-29833142
-48951131
-37010707
-33525003
-39000435
-38777423
-34520041
-33999128
-34670180
-12660678
21471894
25410826
13539601
21107780
27683985
22994662
16549779
-8490324
-28898656
-9579973
15562005
9566722
-18198759
-27312315
-201911
5814982
-32033216
-48790247
-34209606
-32214098
-35536568
-26939901
-10320432
12582520
16628242
-17210172
-49921667
-46466722
-39388594
-48417774
-25730384
18158712
16821486
6373591
19989203
-1485873
-32487259
-8372783
23906449
18538713
-4017683
-34953054
-43882246
-4365837
21524634
9678541
13979081
23603311
-5480955
-37015140
-29006770
-15974225
-24093121
-33235645
-32854199
-28455261
-24793788
-16172138
3197706
21227114
20128436
2170864
416670
16107846
12551036
4322965
18930883
33362712
26173365
10492825
6671874
13201286
14331484
15092679
25536831
33958860
39195579
41319331
33115569
28574805
40888884
65400468
84744381
87620929
85449495
68679512
25366646
7547887
39469585
50885511
10813186
-24769003
-18758217
8250223
20726951
2542333
-31883748
-34006104
5520430
33453423
37075045
27507992
-11449194
-39393061
-1927840
31747583
4855723
-5807689
28711299
34968208
482093
-21306747
-26872004
-28318568
-6824448
14879418
-3607677
-28039192
-19463969
-11403674
-22751520
-35031068
-47670881
-54790958
-45663943
-32898899
-33127054
-42274536
-59440371
-86544482
-79440103
-28807274
-8901840
-25692794
-20171892
-9135084
-20777336
-37937577
-52344811
-42500079
-5816645
5365934
-14101775
-21965508
-16794083
-12673444
-7438247
-3109219
-5401089
2508304
31628648
39730457
9171311
-2527697
15350303
18445740
22782502
46450636
62213466
67476347
74213705
75101646
61587378
51125214
61314378
73222321
68918722
63143077
63324070
65273819
74553606
77225393
67281503
66755351
75213842
73146102
65606864
78776808
90300914
51678459
16777778
47721086
65313657
27488875
15955743
30982045
7057538
-26952445
-36827744
-54092259
-78301916
-83457459
-74588246
-70008066
-80967138
-96419297
-93491519
-86963382
-101236347
-103414370
-68726194
-43174364
-55605718
-64505929
-44489579
-27112664
-31433148
-44674760
-55128405
-57415070
-47713305
-37429408
-45755223
-54534254
-37834544
-26771685
-46333362
-55164517
-44064653
-61604473
-92944026
-86757730
-64102900
-54927612
-47734091
-43430270
-40532489
-34348288
-37813786
-47862312
-61039300
-75942832
-63345578
-33515195
-41171411
-53723954
-12282537
18731962
-16239942
-46801443
-26150265
-8909120
-23722241
-22335665
7685664
24240407
34132368
71155629
107809940
105049662
80410185
70979260
75732614
63606623
47051110
63403046
91443438
94011698
77244123
53001682
31609753
36438021
62443686
83007642
84012674
74521303
78153502
90872489
93032150
83159698
77234003
84819994
91043102
77541507
49502467
31027506
37431369
66976107
92726840
73444767
21087656
18641038
74912364
79576830
27140667
9916922
11010595
6438338
22332046
10699369
-28238374
-24208133
-15311672
-37464343
-40138915
-29236270
-36063623
-43397446
-45738666
-47290106
-46754583
-46997050
-44989646
-43330197
-43448628
-53202347
-73912655
-71645457
-53388947
-64748359
-77198514
-64097602
-69428695
-79553625
-54767911
-37394299
-58668307
-87249742
-99693532
-91076752
-68987705
-49670053
-39414059
-40225421
-42773443
-33896798
-32589286
-57327149
-81285005
-86796566
-81482347
-58085530
-33426072
-27412993
-9212854
16401446
10570938
611252
25528658
43087549
9366602
-21427340
8893819
49115343
37393678
23294506
38085644
18776641
-17313132
-35135
34235122
34443638
33645127
46470970
45518726
46728011
54054693
44084136
30409066
28004070
36074858
47366010
47739791
41616935
34601257
29511786
41757879
58589517
59824925
69905090
97307321
96840740
66036558
53607712
63980952
55059387
19853403
11615374
34911198
44380169
46037801
57459499
60349221
45731988
37584604
38099623
22646175
4510210
-2690590
-24852463
-50922502
-39937893
-16067616
-27274583
-51302053
-47590317
-24444629
-6001377
-5418644
-14288080
-14604968
-8580483
-8511919
-18708296
-30233917
-32638449
-30656000
-33078569
-41419080
-44009620
-33460244
-28568682
-22487765
6915549
29021064
15427578
-6218063
-14430455
-22479601
-26625510
-20621903
-26672820
-51736485
-57993240
-30550426
-27078246
-51060566
-30712592
-236363
-40586862
-85500013
-57864818
-25167416
-38799064
-44037108
-19357071
-10047433
-22784850
-26191326
-17286944
-13602022
-13850338
-9699827
-8215517
-10206868
-6374261
-1436905
-425637
4309854
3121920
-18775546
-32174860
-14133965
2802023
-686191
-8789451
-12915569
-10574765
-4327410
1215438
10752231
14287282
-4436071
-21501098
-20164706
-32719469
-32515526
19046869
50646597
29919526
18931411
33618034
33911079
15488086
13718202
36654166
50648324
33158882
19767674
28414355
37167110
50349331
59254324
52633825
62092252
90789792
84589776
44819343
30284861
34003694
21497368
-3055685
-25510536
-29136103
-17393415
-11168279
-8012970
-7533402
-15328253
-11534734
-3692488
-15309768
-14168279
12873108
18874950
-7419223
-24486956
-7959665
16925950
11190596
-14468432
-16123502
2540865
701565
-18669917
-23017159
-11705026
-7041921
-14080890
-20434182
-28733910
-36889142
-24587708
-9130138
-24463344
-49806353
-42016347
-19298029
-21982147
-31953602
-32185895
-33451527
-27426607
-16533420
-19153025
-26424741
-23264215
-13694980
-1623250
-1526710
-22236593
-19947304
29010609
50981085
-4456151
-51958194
-25124425
9549492
5309400
-6935090
-15246929
-7937142
27270426
45661926
33507396
37462346
46766482
32620910
30834230
43760767
18253037
-24229883
-12449078
32090674
44869742
35773167
40326347
48993807
41708877
31858580
37138191
48398823
47105009
40860451
49195673
59817193
57290425
49267278
44523293
43614057
49230431
54630321
45885816
41740739
44304667
21488655
-1400112
7985500
11337368
-8610979
-22356341
-28908570
-36328877
-30583030
-16877195
-21449874
-42616820
-55290598
-53808148
-56221506
-68658732
-67453779
-49891367
-43037373
-44869253
-41146104
-37409865
-40206455
-57871555
-84431380
-75399894
-26892422
-6018063
-29053532
-38611304
-17296318
-15618562
-49723712
-59182277
-26414867
-12086997
-29236356
-45721778
-49758663
-35412413
-34286264
-63686078
-66895261
-32752889
-20150216
-37566089
-47720389
-42707571
-33019722
-26711097
-26773086
-25691545
-12088533
6955602
16240526
21572333
15383138
-4077455
6314457
28256853
8962167
-6184233
14486313
11890250
-26562628
-32162323
3312999
17857609
9686405
19845942
38956226
37030778
30906262
34352025
33288754
29409544
26786578
24296546
21899069
23935470
28011069
34130674
62092119
91877348
80729057
50952244
37718036
23899563
17577247
43985864
58147464
32135320
14539146
30755579
60528490
85011176
85299166
71474734
74573488
78082699
71776437
77445799
78329347
53002317
27531847
17761545
3416156
-17459597
-28867984
-31535951
-34470535
-33036091
-15503787
9824679
14797322
802643
2856664
18041112
16018547
3177401
-4272074
-2557766
-4448174
-32573893
-51979381
-24228442
-1601467
-20283043
-31252221
-26407415
-47035753
-56045725
-23188635
-14891877
-33148484
-17590673
-6331517
-44062827
-69866995
-44926074
-13618624
-6654849
-19241642
-37477257
-51640359
-62461723
-65203494
-56809767
-49151826
-52115547
-44151346
-19453498
-22838958
-48572425
-51534813
-46888504
-49010059
-47510571
-50225399
-47861369
-38333627
-47303733
-50528472
-19778690
5933928
9423821
13721126
17473889
11514520
-5579100
-24000309
-17976162
3422146
7870545
6930158
17841610
23161410
18780380
15635804
15997495
23305880
25091276
10155806
10721666
38837322
51613148
50730436
67772775
77889999
69541564
71242591
70482386
53887957
55382644
75423668
73548742
58673956
64687320
75085939
70235360
67447464
72543047
70516876
65047930
59279069
42636962
24740563
6143316
41468
37533907
58900853
13485902
-12015687
12407473
-3856422
-50723176
-55965384
-43691888
-41401654
-44532372
-57209240
-59386887
-55597301
-71472033
-80311702
-59997381
-32627125
-11122988
-609252
-2055134
-2048342
-15704691
-48947109
-56499531
-29851821
-7883314
-5694273
-18913281
-41580880
-55814279
-44432927
-21081673
-9747643
-6678752
-13182072
-44933031
-60003399
-24686365
-11596060
-38914959
-39076081
-31755566
-41093170
-21129305
5323194
-13110541
-31459257
-12370204
1955008
-4909803
-4855294
1454363
-5634334
-13880209
-13640594
-10720973
478602
6794542
10239963
36450431
51956701
18462249
-14841301
-11672442
-5708548
-3559944
7134392
16850325
20287147
13525226
15121831
33020625
32307344
29093720
54842914
67882324
59044746
66883099
63440657
44549059
60736358
77092976
56937677
48227182
64264304
68568784
62137750
65406530
65895734
51879394
45991779
55858953
47070760
13590053
-4784847
-1232365
-871419
-6748887
-6781016
-5519627
-19224211
-39549398
-50179571
-45425856
-27436310
-26483717
-45259195
-35889139
-2534878
-537192
-22126673
-20414378
-15191536
-32060229
-35471053
-13949453
-1423049
-16608369
-43204238
-56493624
-58505475
-62793921
-51669709
-18930085
-10691553
-26005529
-22321679
-12730513
-15994086
-23999166
-31626419
-28976039
-9248193
45256
-21884103
-30287684
-3427818
2990738
-25565028
-33845964
-22200263
-34018970
-55599380
-69692902
-71061850
-38789066
1244308
14452122
19428037
35119855
43506234
23513448
-5028498
-8853752
6344759
16461286
22498163
18982098
-1770339
-6298891
8045175
6686606
-1732463
796497
3986759
11392486
28545826
41036102
42847708
34854549
30703945
47159373
63929022
52810091
40747986
51681016
58861792
58645173
61405044
57445378
46019531
41801350
51626206
52278611
35599794
36945224
48691879
29430726
8740363
7843146
-14185996
-44671504
-42104943
-33493355
-48977312
-65943306
-71041738
-76851736
-80159390
-68516331
-55501846
-61086843
-73089827
-58069071
-29788200
-37244769
-48655824
-28997790
-39891165
-76638819
-63234175
-30458943
-31523680
-37077616
-46429879
-69357538
-61638024
-30775038
-15954488
-5968653
-1073970
-3460232
7975130
7066732
-21099735
-26007925
-16606249
-23564132
-3625070
36732905
45813564
37796694
33534640
29987362
33309019
32619879
28845353
34551384
17960029
-11071500
4923080
40743203
53074821
54335402
42631420
23316428
31445265
58988295
68466951
56420184
44620356
48464166
55702190
52196861
53814446
60082396
62657484
73180317
79188524
73111071
71303733
65558788
55164191
48282037
27850420
18107096
47336273
64184680
49500904
51514624
63912335
57077061
48041697
52411369
56215319
34669458
4581140
1344742
40093
-2467653
32107123
61531167
52946353
45212778
35361322
24842958
25283295
2983286
-21293043
-12992499
-20680166
-58045579
-83083682
-79216625
-53733839
-52843661
-77505757
-62123204
-34334985
-48526189
-53987457
-35240214
-45419938
-75506687
-87253205
-75070113
-50746283
-36536323
-33582767
-7771054
28596272
15883362
-25503036
-34210846
-28197070
-38133001
-36119004
-24807353
-40556460
-55132212
-46249327
-31673329
-5391226
3028953
-34188392
-53014492
-31002326
-26059037
-35319528
-27416472
-10102427
-2193075
-13566525
-26076527
-27134234
-26419616
-24696690
-24353745
-25309559
-19144551
-18466021
-27409131
-24304223
-28840063
-54440307
-48902719
-16895171
-16820282
-20410464
6854271
10837467
-19571497
-35931667
-34955930
-28123038
-18955292
-20558280
-23277694
-16342467
-18003742
-26685322
-29957523
-33676258
-21279094
14865465
36153372
29962075
28206243
33971167
22549718
4861697
8433229
26967203
25147113
1186887
-159182
24754302
36498456
25605410
23132050
32888754
12545717
-16825309
1375945
30977008
33049977
45855453
64210901
51634784
35162924
27628662
19331989
27084248
37053471
29881623
19309709
14660636
14899145
13952126
13525811
19757412
24757987
23543366
20768397
18338368
16518207
13481744
15971918
22544419
-3109501
-37331930
-24570250
-11802968
-20244689
-5554721
-468306
-19973200
-7487390
6101792
-33445750
-57148569
-21030787
3828748
-11810998
-17026016
730800
11150475
12624010
7589386
-999057
8507226
16870578
-11158691
-48023291
-56813224
-46897813
-37806408
-37886117
-31210007
-12776539
-14673080
-22120207
-1734236
6922782
-8299899
679606
18685665
13202174
3393574
-1602052
3806038
18896797
19752526
12984745
11947311
11034482
21883700
39327711
39231077
41212874
57170550
54887635
36160952
28919663
34171927
40973567
42537549
43369249
42983372
40214564
52534045
75839662
88774409
84316641
65175659
60044668
79241039
70150670
35036254
29785068
27605310
10200267
1032551
-23078008
-36535498
-3489258
12715480
-19374457
-41554061
-30073410
-18552000
-21345539
-22483862
-14119335
-15675527
-30840806
-31006763
-18342044
-30547771
-56603897
-59589853
-57972516
-61159383
-46222070
-20222815
-7793079
-20335550
-28314633
-6070840
2774397
-24078699
-34131836
-21716743
-32268253
-46404031
-40102537
-52538166
-84701424
-83336675
-59711937
-64733973
-82714280
-94484141
-98915462
-66506186
-32762669
-47196180
-54505979
-26856775
-16283291
-30497389
-32898851
-25412251
-33041357
-43929334
-31534762
-13151743
-16449229
-17122642
-2660391
-1027529
-8752726
-4257414
10149028
25327965
39117251
47832830
52801309
50113109
22848496
3502468
31691787
55763022
48632523
60433128
77875298
71520604
81735721
110769048
112710799
99747087
109328011
123426971
119483454
112531392
112024910
105917959
91795030
93893964
111357170
103597246
73487669
55608024
46247444
46777352
61882196
54291256
24444430
10837746
-372530
-12951966
651211
12244457
-1250292
-2347178
1291542
-26804678
-56224069
-52067845
-38411657
-41694805
-50463299
-54019033
-55843370
-51773793
-35599699
-23002323
-38488094
-63536886
-69585358
-63800804
-45443483
-28438179
-47856083
-71014599
-57528040
-50033471
-65352715
-71752192
-71425894
-57002607
-29265269
-32700640
-63252496
-71264555
-61337192
-62194793
-60822286
-63178185
-79378065
-65188458
-14895145
2937278
-27561963
-41449594
-28327904
-38413191
-63408737
-56613194
-35030658
-27522202
-15639125
-11722565
-22704934
-14860247
-1359485
-12309378
-23119406
-15177296
-6013557
-5109044
-23551407
-43078154
-30013674
-9824761
-3417005
5735294
3032692
-21685530
-17095051
14136254
13532325
22297792
66906929
73164230
48765392
53688819
59692160
46008656
44680776
55257938
57744773
56382078
61818291
66022845
61682885
61047528
62578174
60405322
72200478
72882174
33056072
-962562
-13271852
-26388269
-27185288
-17473971
-14735265
-10379656
-6395708
-15536954
-18481045
-2362002
13780239
16675658
10645122
1161365
-2733640
8563614
11043457
-11462825
-20221950
-1286688
5385529
-12393546
-21062592
6822638
44254837
36706097
6347987
10228009
26140770
16400712
-916651
-6341238
-13263676
-26181340
-28548049
-25317522
-36779661
-49152663
-34245222
-18854190
-30163894
-34836698
-25949411
-27148322
-23175186
-11460108
-26116018
-46452080
-38145638
-28582368
-15326198
20287024
35939221
17347695
3268812
-3818644
-15416749
-20015721
-16100135
-8114429
-2296517
-8466490
-6656270
19887411
38910894
36489495
35288514
31641877
20251705
26427284
51550244
59722798
44906331
36910046
39230373
42225033
51241735
57514658
53578364
59136292
75753241
73964692
57460408
48303017
44334261
52250700
61922780
44210067
27718795
33297795
17893934
-13979482
-14578577
326160
-7616966
-29472551
-45599395
-44557950
-35880070
-50598102
-72966900
-67720538
-54691618
-56710460
-59353844
-58148258
-67048712
-84412630
-83436270
-57088300
-37145872
-31503515
-21657282
-16297865
-19943862
-14413890
-11057820
-22761480
-29496230
-28808883
-31186381
-32402011
-36764721
-40305320
-29052742
-19218041
-22793108
-34397998
-56979826
-67768144
-49033820
-35659338
-39481409
-31448659
-22979305
-27792076
-19351902
-4523870
-16220814
-39602480
-33803376
-17189588
-24796670
-12914168
32537995
30226577
-11588722
-1653631
24249648
14741654
23412818
39169783
20321221
16701774
41775438
44724926
27931732
22653957
31364696
43614360
51321996
42377635
15164064
8581863
37781100
58509957
64621128
89298287
124081623
138492337
124823136
103365460
99574565
104598121
104874840
99545828
90220384
99628410
104039656
69291968
66617861
115673391
121815315
95708594
104394200
107712793
72943037
40214877
25952392
2118261
-30564318
-34675333
-14558674
-7196574
-21727761
-45044627
-56818913
-56228034
-78741610
-112226957
-101031761
-70904410
-68160554
-69038783
-68944537
-83699912
-86460201
-73720651
-62765141
-38657966
-12038282
-13769778
-27091517
-31100982
-42504805
-54389235
-45298600
-28954856
-32463098
-60753005
-79563828
-68986782
-51604659
-49472454
-60370182
-66278408
-69015818
-76404751
-64434496
-31902087
-40252183
-80768174
-64000552
-19561759
-22556259
-32749041
-19833114
-15821573
-11375022
5618596
-3165224
-29387143
-25746701
-11597097
-18369142
-17839040
-1179753
1960180
7652824
21393543
7188514
-9755940
17916
4927265
10963623
33203530
35682580
31769036
52620113
45650675
248116
-13660919
6417506
19812843
27300988
33184840
40489945
61911050
71300707
51452813
33799694
19409229
7166879
18435600
25663432
11278368
25501445
62858855
65515111
53972386
52812271
48792951
49310546
49787571
44385026
44766242
46694604
31844015
1334874
-15359432
-7230129
-8630892
-29353416
-32286814
-27779210
-48798380
-54257793
-21377043
-11555679
-32053523
-26116971
-7190030
-10661297
-12085487
367976
-445977
-12601684
-15742094
-19278910
-24762539
-21235062
-20931191
-24590033
-15269176
-3517057
-10313957
-17753942
-13859989
-20445962
-30911825
-29724874
-25485113
-22801496
-22989217
-37610116
-59363379
-70725574
-81885410
-90380536
-76349693
-55600793
-54304642
-56218228
-45490488
-46556201
-61232119
-58816947
-39339003
-33918736
-54158712
-64727272
-48583824
-43252316
-48510908
-27280127
5879951
9817275
-3835346
-2355199
-4679221
-17754322
-9650617
5376051
-5762497
-17836948
-9631082
-9539317
-16088685
-5949435
4550151
-6374230
-11024490
12904597
20376359
1695960
-3246175
-8539960
-29851473
-33547938
-9643611
18940287
35872534
38145048
41506247
51148871
45066975
26402225
41857036
82318376
73438091
42686059
74658373
117103649
101782513
84106816
92687982
99653028
107466483
106778458
102496325
127350568
148646998
127945504
95457736
69619060
49993331
44972678
41777763
46607489
80568299
95922298
60651521
33180723
31419608
27881643
35471367
52832541
50137490
35834200
34480186
35748022
37114390
47790051
45885837
25301397
9529960
-7153588
-20571461
3264148
30366668
13664675
-8644727
-10842167
-23229080
-35755921
-24139524
-19934941
-33749787
-37226152
-28625324
-22744600
-29571872
-42207733
-39764299
-28174432
-24857923
-21589082
-20308886
-31475113
-47316213
-72063456
-79575773
-37222978
-3443978
-3672925
8683568
9392989
-10966238
-2699743
-10583562
-54513416
-33525571
19203221
-13345863
-66496158
-51012817
-14225264
4582671
8083961
-4714537
-11689159
-4355854
3934711
13676466
21602020
26284032
35505925
43136174
40770875
30554267
22324041
27239554
31576497
27222970
30816147
28765650
18794795
23286132
27400775
25979844
22966080
-3297742
-31489952
-23253940
-14422454
-35516902
-44437643
-25760617
-26264784
-50710005
-49560849
-27309042
-27495263
-55591142
-77764867
-69898438
-57267547
-56837444
-54516328
-50348755
-54656801
-60409683
-52725088
-35249559
-24166085
-29935230
-31950955
-23959386
-27395224
-31301549
-31169279
-32845938
-29774695
-31304988
-39390694
-38761434
-34271452
-34495453
-36179410
-51991305
-65516482
-52293894
-43017960
-29388908
7937839
6436950
-26780879
-11929529
11204542
-6858193
-5995414
11642508
-14131903
-33256860
3732406
24492773
2248248
5473168
31399984
25364880
18087799
42826796
54827271
35064634
16865425
24614701
41063423
37565420
30962432
37469484
35687496
43143470
74764439
80282643
56604955
43076046
47750096
70753906
82019438
50719366
33170180
70648044
91823204
65604262
41496410
33090760
47555784
84963439
81844506
39776238
50153261
87059236
64608848
27075506
24599605
35231404
44808786
34202179
17093163
27879664
30031376
-4100445
-33768173
-33046918
-12665924
-14348928
-60760343
-80517579
-42767855
-22455085
-35206442
-46766247
-60324583
-65063431
-42881073
-28122774
-48969719
-66123842
-54606720
-52706288
-67706791
-60059368
-46316496
-49150545
-40475930
-36382303
-50995739
-41571205
-21253834
-35206488
-63104429
-73460348
-69052317
-58537888
-54582469
-61666890
-60079630
-43504849
-30837134
-32024626
-45470423
-52855896
-37396000
-27541564
-38041059
-38498054
-39613352
-65243916
-68508086
-33877394
-14202757
-6756065
9339112
2691620
-20255483
-16336854
-6956579
-16055435
-4232171
26188991
14561835
-28086925
-36707077
-17246719
-566356
24030068
57469676
80548116
92835872
114386255
150323029
157595881
117454739
107987129
143638046
136534514
103114418
103395279
108538016
118126816
142047271
131878944
106313885
104912417
102631985
107433183
108606264
62403431
23778865
32489634
20114507
-20098059
-29851478
-16350267
-8509956
-10162338
-19835888
-23846555
-23834923
-30028242
-33752595
-38603043
-45755655
-40548395
-35970300
-56962255
-84421670
-71807020
-36983249
-46149632
-72002381
-49186254
-19296977
-23711187
-28224591
-28927836
-29955864
-23651008
-35323048
-48376034
-43181599
-50449893
-51719957
-37805414
-51523474
-71130210
-63261425
-48115460
-36984099
-41279665
-60086044
-51315866
-19231597
-17036555
-33367158
-31615193
-30946400
-46816997
-51054207
-18725814
22244097
24994384
-1779233
-22097293
-17797711
3502796
8250998
-6057107
6166999
47053284
66954978
64299639
52953533
34095498
40555995
65968131
56487537
15714543
4398861
31932956
46875561
34145313
24989690
34214757
39622642
25306413
17943865
41087518
61304127
56198846
59377063
61499267
35132987
29459015
55293129
41255672
1534058
19207627
66321311
55946461
14009663
10456351
23955491
16818358
5120149
-2463685
-10951152
-11763400
-15319522
-37804723
-45164093
-21462658
-13940754
-22984036
-9179349
3074849
-19809101
-47195478
-58237153
-63064381
-50516373
-43278202
-66937667
-64370317
-13726936
14541612
-7539991
-32466925
-35977320
-26625630
-7204268
9313006
11211708
2632052
-21432231
-47957779
-35325552
-2747915
-14703784
-46913312
-37919217
-19577559
-31375959
-49128692
-58615157
-54900892
-33096452
-15157372
-3971115
5767037
-13755939
-39453078
-15171155
14991844
-1421455
-11445404
2877089
-7173183
-29712744
-29347272
-19777274
-16033229
-14917032
-25695717
-43988493
-41219817
-13165753
13147174
23188031
35676914
64865555
81432653
58751938
25728161
17358094
23755018
31758622
43366861
35067879
19268396
52309642
79979227
37356179
20735534
65063571
68496136
44866089
66403257
83139492
57091648
42282482
50847747
57646568
64542284
60362994
42672581
46237888
60246024
36016987
8935551
23464548
30634703
19240979
25064408
25028920
1143089
-12393297
-5070528
-16668949
-50366355
-60592325
-45915241
-37419502
-37920890
-39231697
-40340604
-38822600
-49357881
-82269416
-100577108
-85049983
-63059710
-53887451
-65668911
-80774704
-65039333
-46074899
-55862279
-57599609
-45123685
-49117195
-57814582
-54957633
-52732097
-59305549
-61979353
-53846040
-49072427
-51420685
-44334719
-30581705
-33632982
-49294359
-47609506
-24649737
-19263158
-36043273
-33300306
-15604592
-11221592
-15296468
-14316152
-2605337
15264241
19335095
9378363
10881206
16349979
10822274
14041977
24423428
13714136
-6058169
-3693854
17566931
37504611
33199543
23901684
51012510
77865383
63498159
46869424
50067219
44299697
23548658
14762378
35356548
58028688
62614932
73169463
79335429
67586627
64798429
64769348
57721981
60168916
67451285
66258352
60143398
60850122
64663904
53940514
28244433
11420453
13360221
12187173
1293739
4789987
20871964
12700034
-14463687
-20822439
-9782067
-1887665
1205175
-12834385
-35779771
-26861229
-2724337
-12384394
-29648333
-24366332
-31838631
-57213189
-74308603
-74118933
-48269635
-19168359
-21364279
-33959207
-21897769
-4240490
-14436912
-46473307
-62791369
-41889582
-29707765
-58976017
-78246454
-65295236
-53947074
-37431121
-10820442
-13085814
-28337352
-16357946
-5505271
-10405338
1034775
16009513
4812169
-8042016
-3984047
-998801
1421978
6517363
583844
-7625821
-6915609
-8374892
-7486968
-1440256
-3577730
-2706459
3928050
-6525391
-24076567
-23769228
-13190987
-5741209
3538102
20386122
30165555
14872303
-12570603
-19627225
2751259
34215221
56167668
65451835
69535531
72456409
64836568
46785140
38934195
54084522
73661276
68594879
45191527
40084270
44603755
11509066
-22240520
4003518
31542927
5475573
-19777460
-15064024
-13957678
-26939144
-32077877
-18500466
-24853115
-64479019
-66147449
-11010914
22091823
12963218
6568065
4229954
-6568363
-21202731
-31502061
-28755507
-30402543
-36101631
-17600353
4656241
5516860
14034166
32587860
23018938
-8442994
-24469057
-21533377
-27432462
-44428624
-36637460
-12333795
-15888103
-28997554
-20085954
-10610577
-8230350
3664967
19765944
28427762
12036532
-18423619
-14558557
2532187
-19477731
-40498622
-23967877
-15132400
-24440856
-21865098
-2320127
27299206
34256587
11887428
13483393
30946507
8055328
-25162061
-15603688
1047519
-15436977
-24816330
855634
24535165
29185987
29345012
32490614
43174201
50623664
40107164
26843735
26533495
38776007
51987155
46530498
44510789
67999772
86650967
84803986
81513883
80524183
69713553
47554431
34441196
43950912
43877083
28333354
29490327
34691605
32557594
36978433
34536034
14623892
-3218309
-12901969
-20916605
-24933283
-26516113
-23969781
-24520119
-39364627
-46453884
-35721968
-30378297
-22993308
-12415854
-21491821
-28756474
-21885145
-25730298
-35810959
-35010960
-26387497
-20720076
-22539019