-136103415
-228922135
-297990394
-342838264
-366909384
-362555804
-324300440
-268689434
-224086805
-257769731
-320129620
-325484337
-256763504
-174090602
-123347077
-82660074
-9253850
95348568
192747477
263486537
325595103
397617286
469147052
520729759
556060914
595033651
640732352
673221762
679464286
672604633
670574622
666075283
634472610
569039424
492226208
425541413
361327933
277278341
172837093
74849315
3963736
-51121070
-115103097
-190837975
-255687967
-293880657
-317638568
-348024138
-383738585
-402107179
-390153210
-361602389
-337379698
-318098757
-286785211
-235750292
-178123396
-128609274
-82537072
-23083548
53871617
132858594
198050072
250411117
298742467
339618060
356521270
340012069
300209887
253820411
204718397
145418489
75653082
10020143
-37832383
-71723111
-107187781
-150973432
-194675285
-230663407
-266459528
-316053009
-380199718
-443827947
-494582563
-537284125
-584213135
-636070873
-680089047
-707624650
-725298263
-743512201
-757786937
-749568049
-705533205
-629593424
-532386341
-414936591
-269969265
-98788535
81020044
249106481
398922069
536209535
662596542
768260979
843496083
891899775
925718465
949920518
956747697
938279991
898634967
849309442
794720544
728912273
647632535
558219504
472881441
394870206
316825392
233309163
149414193
73531001
5146165
-64399631
-138569740
-208656898
-262516321
-297293157
-318558419
-328323363
-319774907
-286979378
-235453982
-178447689
-122795197
-63656998
5464434
81644148
155768017
224906609
295455070
372443847
449574133
514380971
561658996
597034373
626333997
646238622
649255044
635896566
616630662
600736939
587081459
569286756
547282604
528630683
517841597
508493182
489218526
455360846
410537826
357025487
289324622
200422650
92018683
-25591909
-143853867
-262605828
-384394550
-505403220
-616288117
-711647045
-794851305
-871459486
-940333840
-994787888
-1031237529
-1052910594
-1063004406
-1057462139
-1027986193
-971664253
-894806754
-806074072
-709400015
-606229434
-502710034
-410108033
-335986427
-277373483
-224872432
-172034512
-118131754
-61907700
2551304
80476367
167937904
252228894
321474776
371671999
403386731
414643334
401458851
365789214
319238972
276173784
244093960
223009493
213277571
220192773
248713423
296048023
353337340
414372719
480533788
555157290
635869668
715381585
789334595
859794318
929157196
992667974
1039829764
1063004406
1061890799
1038611240
991395728
915890059
812185746
687478478
549800811
401448995
240598266
68823977
-105811805
-274007078
-431169557
-576284117
-706102832
-813957368
-895338393
-952837870
-993432964
-1021051475
-1034162889
-1030118752
-1009466184
-1038377234
-1053060600
-1047069057
-1015409999
-956950546
-874528401
-773493544
